model_scripts/mantelliABC_v6_model_H/splatche3input/oriworld_model_H.asc
NCOLS 90
NROWS 94
XLLCORNER 171.583333333333
YLLCORNER -41.6666666666667
CELLSIZE 0.0833333333333333
NODATA_value -9999
[rows 44 to 87 of 94, columns 0 to 89 of 90]
-9999 -9999 -9999 -9999 -9999 -9999 -9999 -9999 -9999 -9999 -9999 -9999 -9999 -9999 -9999 -9999 -9999 -9999 -9999 -9999 -9999 -9999 -9999 -9999 -9999 -9999 -9999 -9999 -9999 -9999 -9999 3 3 9 9 65 65 62 52 63 63 63 63 63 122 122 122 130 131 111 132 58 133 134 45 135 46 46 46 27 27 -9999 -9999 -9999 -9999 -9999 136 136 -9999 -9999 -9999 -9999 -9999 -9999 14 14 67 49 67 137 137 30 30 14 -9999 -9999 14 30 14 -9999
-9999 -9999 -9999 -9999 -9999 -9999 -9999 -9999 -9999 -9999 -9999 -9999 -9999 -9999 -9999 -9999 -9999 -9999 -9999 -9999 -9999 -9999 -9999 -9999 -9999 -9999 -9999 -9999 -9999 -9999 -9999 3 9 9 9 65 65 26 52 52 63 63 63 63 43 44 44 138 138 131 43 58 54 53 115 115 129 139 140 46 27 27 27 27 27 27 21 21 -9999 21 21 14 14 14 141 142 143 143 83 43 43 144 145 146 30 14 14 30 14 14
-9999 -9999 -9999 -9999 -9999 -9999 -9999 -9999 -9999 -9999 -9999 -9999 -9999 -9999 -9999 -9999 -9999 -9999 -9999 -9999 -9999 -9999 -9999 -9999 -9999 -9999 -9999 -9999 -9999 -9999 -9999 9 9 9 9 74 65 26 62 52 82 83 63 63 58 41 41 111 111 111 111 43 58 54 112 112 112 53 45 147 46 46 46 46 27 21 21 21 21 21 21 148 30 83 63 63 143 58 44 41 126 126 122 149 30 21 21 21 21 -9999
-9999 -9999 -9999 -9999 -9999 -9999 -9999 -9999 -9999 -9999 -9999 -9999 -9999 -9999 -9999 -9999 -9999 -9999 -9999 -9999 -9999 -9999 -9999 -9999 -9999 -9999 -9999 -9999 -9999 -9999 9 9 9 9 14 14 30 26 62 82 63 63 83 43 58 150 44 43 43 111 111 43 58 58 58 58 54 53 45 45 45 147 46 35 35 36 35 35 35 35 35 26 151 63 63 43 43 152 153 120 151 122 154 155 36 21 21 -9999 -9999 -9999
-9999 -9999 -9999 -9999 -9999 -9999 -9999 -9999 -9999 -9999 -9999 -9999 -9999 -9999 -9999 -9999 -9999 -9999 -9999 -9999 -9999 -9999 -9999 -9999 -9999 -9999 -9999 -9999 -9999 -9999 14 9 14 14 14 14 30 26 49 63 43 58 58 58 43 53 45 43 43 111 111 111 43 58 58 58 58 54 112 53 53 53 45 156 139 157 35 35 35 40 40 144 63 63 43 158 159 158 63 43 160 161 162 35 21 21 21 -9999 -9999 -9999
-9999 -9999 -9999 -9999 -9999 -9999 -9999 -9999 -9999 -9999 -9999 -9999 -9999 -9999 -9999 -9999 -9999 -9999 -9999 -9999 -9999 -9999 -9999 -9999 -9999 -9999 -9999 -9999 -9999 21 14 14 14 14 14 148 35 40 63 43 63 63 43 58 58 163 164 43 111 111 111 111 43 43 43 43 58 58 58 58 58 58 53 53 53 53 165 126 126 126 151 83 63 49 63 166 167 168 169 49 169 158 35 21 21 21 21 -9999 -9999 -9999
-9999 -9999 -9999 -9999 -9999 -9999 -9999 -9999 -9999 -9999 -9999 -9999 -9999 -9999 -9999 -9999 -9999 -9999 -9999 -9999 -9999 -9999 -9999 -9999 -9999 -9999 -9999 -9999 21 21 21 21 21 21 21 36 35 40 43 43 170 43 63 58 58 54 58 43 111 111 58 58 43 63 63 43 171 43 171 58 58 150 53 150 53 150 172 112 41 126 83 63 63 169 173 167 174 169 70 70 175 162 35 36 21 21 21 -9999 -9999 -9999
-9999 -9999 -9999 -9999 -9999 -9999 -9999 -9999 -9999 -9999 -9999 -9999 -9999 -9999 -9999 -9999 -9999 -9999 -9999 -9999 -9999 -9999 -9999 -9999 -9999 -9999 21 21 21 21 21 21 21 21 21 36 35 43 43 43 43 63 176 58 54 54 54 58 111 111 58 58 63 63 63 43 58 63 49 43 58 58 54 58 53 150 165 58 58 177 63 63 49 169 70 178 70 106 106 179 179 180 35 36 21 21 21 -9999 -9999 -9999
-9999 -9999 -9999 -9999 -9999 -9999 -9999 -9999 -9999 -9999 -9999 -9999 -9999 -9999 -9999 -9999 -9999 -9999 -9999 -9999 -9999 -9999 -9999 -9999 -9999 21 14 21 21 21 21 21 21 21 21 36 35 170 43 43 43 63 181 182 54 54 58 58 111 111 88 83 82 52 52 63 63 63 63 49 58 58 54 58 58 58 120 43 58 63 63 49 49 70 70 62 70 106 20 179 179 183 35 21 21 21 21 -9999 -9999 -9999
-9999 -9999 -9999 -9999 -9999 -9999 -9999 -9999 -9999 -9999 -9999 -9999 -9999 -9999 -9999 -9999 -9999 -9999 -9999 -9999 -9999 -9999 -9999 9 14 21 21 21 21 21 21 21 21 21 21 35 40 176 43 63 63 82 181 184 88 83 52 52 52 185 52 52 52 82 63 58 63 63 58 63 63 58 53 63 43 58 120 63 63 63 169 49 70 70 43 62 179 20 20 186 187 188 46 21 21 21 21 -9999 -9999 -9999
-9999 -9999 -9999 -9999 -9999 -9999 -9999 -9999 -9999 -9999 -9999 -9999 -9999 -9999 -9999 -9999 -9999 -9999 -9999 -9999 -9999 -9999 9 14 14 14 21 21 21 21 21 21 21 21 36 35 176 49 158 63 49 98 181 90 98 98 78 102 90 110 88 52 185 111 111 63 63 41 63 63 58 53 189 63 43 120 63 169 63 169 190 52 63 43 191 192 193 194 195 196 197 40 35 21 21 21 -9999 -9999 -9999 -9999
-9999 -9999 -9999 -9999 -9999 -9999 -9999 -9999 -9999 -9999 -9999 -9999 -9999 -9999 -9999 9 -9999 9 9 9 9 9 9 14 14 14 14 21 21 21 21 21 21 36 35 35 198 169 158 52 90 90 90 90 94 81 199 199 81 110 110 200 185 52 111 111 41 112 83 63 150 189 201 63 43 43 43 70 169 49 70 70 43 202 203 204 205 206 196 196 207 135 208 21 21 21 -9999 -9999 -9999 -9999
-9999 -9999 -9999 -9999 -9999 -9999 -9999 -9999 -9999 -9999 -9999 -9999 -9999 -9999 -9999 3 9 9 9 9 3 9 9 9 9 14 14 14 14 21 21 21 36 35 35 40 52 169 70 90 90 90 94 93 97 93 93 209 210 101 94 81 211 211 52 131 130 151 49 83 120 58 63 62 63 63 190 212 213 70 169 43 214 215 216 217 218 219 220 218 196 221 21 21 21 21 -9999 -9999 -9999 -9999
-9999 -9999 -9999 -9999 -9999 -9999 -9999 -9999 -9999 -9999 -9999 -9999 -9999 -9999 9 9 9 9 3 3 9 9 9 9 14 14 14 14 14 14 14 14 35 35 35 40 62 70 70 222 94 97 93 209 97 97 93 223 224 93 81 94 94 225 52 131 131 52 52 83 63 43 63 49 43 178 226 213 169 169 43 227 214 228 229 230 231 232 233 234 35 35 21 21 21 -9999 -9999 -9999 -9999 -9999
-9999 -9999 -9999 -9999 -9999 -9999 -9999 -9999 -9999 -9999 -9999 -9999 -9999 9 3 9 3 3 3 3 9 3 9 9 9 14 14 14 14 14 14 148 35 35 40 40 169 70 78 51 51 209 209 209 97 93 104 224 235 93 236 236 237 237 185 185 102 225 52 62 62 52 70 70 238 70 239 178 240 241 242 243 244 245 196 246 247 248 249 35 35 35 21 -9999 -9999 -9999 -9999 -9999 -9999 -9999
-9999 -9999 -9999 -9999 -9999 -9999 -9999 -9999 -9999 -9999 -9999 -9999 -9999 3 3 3 9 3 3 3 3 3 9 9 9 9 9 9 9 14 14 30 30 30 26 169 169 70 70 73 250 93 235 93 93 93 251 252 224 93 94 237 237 171 253 81 254 62 102 255 255 224 224 70 169 169 256 241 257 258 258 243 259 259 260 261 262 263 30 40 40 21 14 -9999 -9999 -9999 -9999 -9999 -9999 -9999
-9999 -9999 -9999 -9999 -9999 -9999 -9999 -9999 -9999 -9999 -9999 -9999 3 3 3 3 3 3 3 3 3 3 3 3 9 9 9 9 9 9 65 30 30 26 70 169 169 70 213 73 250 209 235 66 97 94 93 113 104 93 237 237 236 225 225 254 264 57 264 224 265 266 70 267 43 268 257 257 258 269 269 215 216 270 270 271 40 30 30 30 14 -9999 -9999 -9999 -9999 -9999 -9999 -9999 -9999 -9999
-9999 -9999 -9999 -9999 -9999 -9999 -9999 -9999 -9999 -9999 -9999 3 3 3 3 3 3 3 3 3 3 3 3 3 9 9 9 9 9 65 72 272 73 174 213 273 274 213 178 73 223 93 93 93 93 93 104 275 104 276 110 225 254 277 277 278 56 210 224 224 224 266 43 267 279 258 258 258 280 281 281 215 229 282 271 261 40 35 30 14 9 -9999 -9999 -9999 -9999 -9999 -9999 -9999 -9999 -9999
-9999 -9999 -9999 -9999 -9999 -9999 -9999 -9999 -9999 -9999 -9999 3 3 3 3 3 3 3 3 3 3 3 3 3 3 9 9 9 65 283 284 284 285 286 178 213 213 178 73 210 223 235 104 104 104 287 288 275 114 114 250 289 275 290 290 290 223 113 291 292 179 293 294 294 295 296 297 298 280 281 280 203 299 218 300 301 40 35 30 14 -9999 -9999 -9999 -9999 -9999 -9999 -9999 -9999 -9999 -9999
-9999 -9999 -9999 -9999 -9999 -9999 -9999 -9999 -9999 -9999 -9999 3 3 3 3 76 76 76 3 3 3 3 3 3 3 3 32 302 303 304 305 305 306 307 308 73 73 73 73 224 309 309 104 104 104 310 311 312 313 314 275 315 316 316 317 318 319 113 275 20 176 20 20 320 229 203 321 269 322 323 323 323 135 135 135 324 325 35 14 14 -9999 -9999 -9999 -9999 -9999 -9999 -9999 -9999 -9999 -9999
-9999 -9999 -9999 -9999 -9999 -9999 -9999 -9999 -9999 -9999 4 3 76 76 76 76 76 76 3 3 3 3 3 3 3 32 326 327 328 329 330 327 305 306 285 331 286 332 73 252 251 275 333 334 334 335 336 337 338 339 340 341 341 316 342 339 317 343 20 20 20 34 320 196 196 344 345 323 323 346 346 346 46 135 347 348 349 148 14 9 -9999 -9999 -9999 -9999 -9999 -9999 -9999 -9999 -9999 -9999
-9999 -9999 -9999 -9999 -9999 -9999 -9999 -9999 -9999 -9999 4 4 76 76 76 76 76 76 76 76 3 3 3 3 3 37 350 351 352 353 354 355 327 303 284 356 357 332 358 278 251 275 333 359 360 361 362 363 363 342 364 313 314 339 339 317 365 366 113 20 194 367 220 368 261 369 323 346 346 346 346 46 46 46 40 370 35 14 14 9 -9999 -9999 -9999 -9999 -9999 -9999 -9999 -9999 -9999 -9999
-9999 -9999 -9999 -9999 -9999 -9999 76 4 -9999 -9999 -9999 4 76 76 76 76 76 76 76 76 3 3 3 3 3 37 371 372 373 374 375 376 327 327 326 284 377 327 377 327 288 113 275 360 378 379 380 314 314 381 342 382 342 383 384 384 385 61 20 367 194 386 387 388 389 26 35 46 390 47 27 27 27 46 35 35 391 14 9 9 -9999 -9999 -9999 -9999 -9999 -9999 -9999 -9999 -9999 -9999
-9999 -9999 -9999 -9999 -9999 76 76 76 76 76 76 76 76 76 76 76 76 76 76 76 76 3 3 3 3 392 393 371 394 395 395 372 372 372 396 371 397 311 398 399 400 275 310 401 402 403 404 405 406 407 408 409 410 360 411 114 61 20 412 56 413 414 415 416 37 37 30 35 36 27 27 27 21 21 21 14 14 9 9 -9999 -9999 -9999 -9999 -9999 -9999 -9999 -9999 -9999 -9999 -9999
-9999 -9999 -9999 76 76 -9999 76 76 76 76 76 76 76 76 76 76 76 76 76 76 76 76 3 4 3 4 8 417 417 417 418 419 335 335 420 421 422 423 288 398 335 424 38 425 426 427 24 428 429 430 431 432 433 385 339 434 401 412 435 436 437 438 439 440 441 23 65 35 21 21 21 21 14 14 14 14 9 9 -9999 -9999 -9999 -9999 -9999 -9999 -9999 -9999 -9999 -9999 -9999 -9999
-9999 -9999 -9999 76 76 -9999 -9999 -9999 76 76 76 76 76 76 76 76 76 76 76 76 76 76 3 4 4 4 10 8 23 23 23 442 401 360 335 443 443 444 288 445 417 445 38 445 446 447 448 449 450 451 452 453 454 455 342 342 456 20 66 457 363 363 363 458 459 460 461 30 14 14 14 14 14 14 9 -9999 -9999 -9999 -9999 -9999 -9999 -9999 -9999 -9999 -9999 -9999 -9999 -9999 -9999 -9999
-9999 -9999 -9999 -9999 -9999 -9999 -9999 -9999 -9999 76 76 76 76 76 76 76 76 76 76 76 76 76 76 4 4 4 10 8 22 462 462 462 23 378 425 446 446 445 445 445 418 445 275 445 359 359 447 448 463 464 465 466 467 468 317 469 470 34 20 471 472 363 473 474 475 476 32 3 3 9 14 14 14 -9999 -9999 -9999 -9999 -9999 -9999 -9999 -9999 -9999 -9999 -9999 -9999 -9999 -9999 -9999 -9999 -9999
-9999 -9999 -9999 -9999 -9999 76 76 -9999 -9999 -9999 76 76 76 76 76 76 76 76 76 76 76 76 76 76 4 4 31 22 22 477 478 479 478 480 481 447 447 334 359 446 446 445 482 483 484 485 486 487 488 489 490 491 488 492 493 494 20 20 495 496 497 498 499 500 500 501 87 3 3 3 4 -9999 -9999 -9999 -9999 -9999 -9999 -9999 -9999 -9999 -9999 -9999 -9999 -9999 -9999 -9999 -9999 -9999 -9999 -9999
-9999 -9999 -9999 -9999 -9999 -9999 -9999 -9999 76 76 76 76 76 76 76 76 76 76 76 76 76 76 76 76 76 76 76 502 502 502 502 502 503 503 478 478 504 505 506 507 508 508 509 510 511 512 513 514 487 515 463 516 517 382 313 288 20 435 518 519 520 499 521 522 500 65 3 4 4 -9999 -9999 -9999 -9999 -9999 -9999 -9999 -9999 -9999 -9999 -9999 -9999 -9999 -9999 -9999 -9999 -9999 -9999 -9999 -9999 -9999
-9999 -9999 -9999 -9999 -9999 -9999 -9999 -9999 -9999 76 76 76 76 76 76 76 76 76 76 76 76 76 76 76 76 76 76 76 502 502 502 502 502 502 502 502 479 479 479 479 523 524 525 514 526 485 527 463 487 528 516 529 529 530 531 20 532 533 534 535 536 537 538 539 540 3 4 4 -9999 -9999 -9999 -9999 -9999 -9999 -9999 -9999 -9999 -9999 -9999 -9999 -9999 -9999 -9999 -9999 -9999 -9999 -9999 -9999 -9999 -9999
-9999 -9999 -9999 -9999 -9999 -9999 -9999 -9999 -9999 76 76 76 76 76 76 76 76 76 76 76 76 76 76 76 76 76 76 76 541 502 502 502 502 502 502 502 502 502 502 479 479 542 543 544 487 545 487 546 547 548 548 548 426 339 426 186 549 550 551 474 552 552 538 537 553 3 4 -9999 -9999 -9999 -9999 -9999 -9999 -9999 -9999 -9999 -9999 -9999 -9999 -9999 -9999 -9999 -9999 -9999 -9999 -9999 -9999 -9999 -9999 -9999
-9999 -9999 -9999 -9999 -9999 -9999 -9999 -9999 76 76 76 76 76 76 76 76 76 76 76 76 76 76 76 76 76 76 76 76 76 76 541 541 541 541 541 502 502 502 502 502 502 479 554 555 556 557 558 490 559 547 560 561 339 411 562 549 522 563 564 536 552 552 552 565 79 3 4 -9999 -9999 -9999 -9999 -9999 -9999 -9999 -9999 -9999 -9999 -9999 -9999 -9999 -9999 -9999 -9999 -9999 -9999 -9999 -9999 -9999 -9999 -9999
-9999 -9999 -9999 -9999 -9999 -9999 -9999 76 76 76 76 76 76 76 76 76 76 76 76 76 76 76 76 76 76 76 76 76 76 76 76 76 76 76 76 76 76 541 541 502 502 502 479 566 567 568 569 570 487 571 572 573 574 575 549 576 577 563 578 579 552 552 552 65 9 4 2 -9999 -9999 -9999 -9999 -9999 -9999 -9999 -9999 -9999 -9999 -9999 -9999 -9999 -9999 -9999 -9999 -9999 -9999 -9999 -9999 -9999 -9999 -9999
-9999 -9999 -9999 -9999 -9999 -9999 76 76 76 76 76 76 76 76 76 76 76 76 76 76 76 76 76 76 76 76 76 76 76 76 76 76 76 76 76 76 76 76 76 76 541 502 502 580 567 567 567 581 546 97 582 110 181 583 522 563 563 563 552 552 552 563 553 3 4 2 -9999 -9999 -9999 -9999 -9999 -9999 -9999 -9999 -9999 -9999 -9999 -9999 -9999 -9999 -9999 -9999 -9999 -9999 -9999 -9999 -9999 -9999 -9999 -9999
-9999 -9999 -9999 -9999 76 76 76 76 76 76 76 76 76 76 76 541 541 541 541 541 541 541 541 76 76 76 76 76 76 76 76 76 76 76 76 76 76 76 76 76 76 541 502 567 567 584 585 586 587 118 118 253 588 576 563 563 563 563 552 552 552 589 87 76 -9999 -9999 -9999 -9999 -9999 -9999 -9999 -9999 -9999 -9999 -9999 -9999 -9999 -9999 -9999 -9999 -9999 -9999 -9999 -9999 -9999 -9999 -9999 -9999 -9999 -9999
-9999 -9999 -9999 76 76 76 76 76 76 76 76 76 502 502 502 502 502 502 502 502 502 502 541 541 76 76 76 76 76 76 76 76 76 76 76 76 76 76 76 76 76 541 502 590 591 592 593 594 595 118 596 596 549 563 563 563 552 552 552 552 552 502 76 76 -9999 -9999 -9999 -9999 -9999 -9999 -9999 -9999 -9999 -9999 -9999 -9999 -9999 -9999 -9999 -9999 -9999 -9999 -9999 -9999 -9999 -9999 -9999 -9999 -9999 -9999
-9999 -9999 76 76 76 76 76 76 502 502 502 363 363 363 363 363 597 597 502 502 502 502 502 541 76 76 76 76 76 76 76 76 76 76 76 76 76 76 76 76 76 502 479 598 599 587 594 595 595 600 601 602 563 603 563 552 603 363 552 363 502 76 76 76 -9999 -9999 -9999 -9999 -9999 -9999 -9999 -9999 -9999 -9999 -9999 -9999 -9999 -9999 -9999 -9999 -9999 -9999 -9999 -9999 -9999 -9999 -9999 -9999 -9999 -9999
-9999 76 76 76 76 76 76 502 502 363 363 363 363 363 479 479 479 502 502 502 502 502 502 541 76 76 76 76 76 76 76 76 76 76 76 76 76 76 76 76 76 502 604 533 600 563 605 605 606 563 607 607 603 607 552 603 363 363 363 502 76 76 76 76 -9999 -9999 -9999 -9999 -9999 -9999 -9999 -9999 -9999 -9999 -9999 -9999 -9999 -9999 -9999 -9999 -9999 -9999 -9999 -9999 -9999 -9999 -9999 -9999 -9999 -9999
76 76 76 76 76 76 502 502 363 363 363 363 363 363 479 479 479 479 479 502 502 502 502 502 541 541 541 597 363 502 76 76 76 76 76 76 76 76 76 76 502 502 608 609 610 363 363 363 603 611 611 603 603 603 603 363 363 363 502 76 76 76 -9999 -9999 -9999 -9999 -9999 -9999 -9999 -9999 -9999 -9999 -9999 -9999 -9999 -9999 -9999 -9999 -9999 -9999 -9999 -9999 -9999 -9999 -9999 -9999 -9999 -9999 -9999 -9999
76 76 76 76 76 76 597 363 363 363 363 363 363 363 363 363 363 363 479 479 502 502 502 502 502 502 363 363 363 502 502 76 76 76 76 76 76 76 76 541 597 363 363 363 363 363 363 578 611 603 612 363 363 363 363 363 363 502 76 76 76 -9999 -9999 -9999 -9999 -9999 -9999 -9999 -9999 -9999 -9999 -9999 -9999 -9999 -9999 -9999 -9999 -9999 -9999 -9999 -9999 -9999 -9999 -9999 -9999 -9999 -9999 -9999 -9999 -9999
76 76 76 76 76 502 363 363 363 363 363 363 363 363 363 363 363 363 479 479 479 502 502 502 502 479 363 363 363 597 502 502 76 76 76 76 76 76 76 363 363 363 363 363 363 363 363 603 607 612 363 363 363 363 363 363 479 76 76 76 76 -9999 -9999 -9999 -9999 -9999 -9999 -9999 -9999 -9999 -9999 -9999 -9999 -9999 -9999 -9999 -9999 -9999 -9999 -9999 -9999 -9999 -9999 -9999 -9999 -9999 -9999 -9999 -9999 -9999
76 76 76 76 76 502 363 363 363 363 363 363 363 363 363 363 363 363 479 479 479 479 502 502 479 479 363 363 363 363 363 597 541 76 76 76 76 76 76 502 363 363 363 363 363 363 613 603 363 363 363 363 363 363 363 363 541 76 76 76 -9999 -9999 -9999 -9999 -9999 -9999 -9999 -9999 -9999 -9999 -9999 -9999 -9999 -9999 -9999 -9999 -9999 -9999 -9999 -9999 -9999 -9999 -9999 -9999 -9999 -9999 -9999 -9999 -9999 -9999
76 76 76 76 76 502 363 363 363 363 363 363 363 363 363 363 363 363 479 479 479 479 479 363 363 363 363 363 363 363 363 363 363 502 76 76 76 76 502 363 363 363 363 363 363 363 363 363 363 363 363 363 363 363 363 502 76 76 76 -9999 -9999 -9999 -9999 -9999 -9999 -9999 -9999 -9999 -9999 -9999 -9999 -9999 -9999 -9999 -9999 -9999 -9999 -9999 -9999 -9999 -9999 -9999 -9999 -9999 -9999 -9999 -9999 -9999 -9999 -9999
76 76 76 76 76 502 363 363 363 363 363 363 363 363 363 363 363 363 479 479 479 363 363 363 363 363 363 363 363 363 363 363 363 363 76 76 -9999 541 363 363 363 363 363 363 363 363 363 363 363 363 363 363 363 363 479 541 76 -9999 -9999 -9999 -9999 -9999 -9999 -9999 -9999 -9999 -9999 -9999 -9999 -9999 -9999 -9999 -9999 -9999 -9999 -9999 -9999 -9999 -9999 -9999 -9999 -9999 -9999 -9999 -9999 -9999 -9999 -9999 -9999 -9999
