model_scripts/mantelliABC_v6_model_J/splatche3input/oriworld_model_J.asc
NCOLS 90
NROWS 94
XLLCORNER 171.583333333333
YLLCORNER -41.6666666666667
CELLSIZE 0.0833333333333333
NODATA_value -9999
[rows 40 to 79 of 94, columns 0 to 89 of 90]
-9999 -9999 -9999 -9999 -9999 -9999 -9999 -9999 -9999 -9999 -9999 -9999 -9999 -9999 -9999 -9999 -9999 -9999 -9999 -9999 -9999 -9999 -9999 -9999 -9999 -9999 -9999 -9999 -9999 -9999 4 4 10 32 32 72 57 62 49 43 58 43 122 122 43 111 111 111 43 119 112 58 35 35 27 76 76 -9999 -9999 -9999 -9999 -9999 -9999 -9999 -9999 -9999 -9999 -9999 -9999 -9999 -9999 -9999 -9999 -9999 -9999 -9999 -9999 -9999 -9999 -9999 -9999 -9999 -9999 -9999 -9999 -9999 -9999 -9999 -9999 -9999
-9999 -9999 -9999 -9999 -9999 -9999 -9999 -9999 -9999 -9999 -9999 -9999 -9999 -9999 -9999 -9999 -9999 -9999 -9999 -9999 -9999 -9999 -9999 -9999 -9999 -9999 -9999 -9999 -9999 -9999 -9999 4 3 32 65 72 93 62 49 63 58 44 41 122 43 43 111 111 111 123 124 125 125 126 126 127 128 129 -9999 -9999 -9999 -9999 -9999 -9999 -9999 -9999 -9999 -9999 -9999 -9999 -9999 -9999 -9999 -9999 -9999 -9999 -9999 -9999 -9999 -9999 -9999 -9999 -9999 -9999 -9999 -9999 -9999 -9999 -9999 -9999
-9999 -9999 -9999 -9999 -9999 -9999 -9999 -9999 -9999 -9999 -9999 -9999 -9999 -9999 -9999 -9999 -9999 -9999 -9999 -9999 -9999 -9999 -9999 3 -9999 -9999 -9999 -9999 -9999 -9999 -9999 4 3 3 65 65 72 62 52 63 63 130 41 131 132 123 111 111 111 111 111 111 111 103 133 133 133 129 129 -9999 -9999 -9999 -9999 -9999 -9999 -9999 -9999 -9999 -9999 -9999 -9999 -9999 -9999 -9999 -9999 -9999 -9999 -9999 -9999 -9999 -9999 -9999 -9999 -9999 -9999 -9999 -9999 -9999 -9999 -9999
-9999 -9999 -9999 -9999 -9999 -9999 -9999 -9999 -9999 -9999 -9999 -9999 -9999 -9999 -9999 -9999 -9999 -9999 -9999 -9999 -9999 -9999 -9999 -9999 -9999 -9999 -9999 -9999 -9999 -9999 -9999 -9999 3 3 74 65 72 62 52 134 135 135 131 132 132 123 123 111 111 123 125 125 136 137 138 133 133 129 129 129 -9999 -9999 -9999 -9999 -9999 -9999 -9999 139 -9999 -9999 -9999 -9999 -9999 -9999 -9999 -9999 140 140 140 14 14 -9999 -9999 -9999 -9999 -9999 -9999 -9999 14 -9999
-9999 -9999 -9999 -9999 -9999 -9999 -9999 -9999 -9999 -9999 -9999 -9999 -9999 -9999 -9999 -9999 -9999 -9999 -9999 -9999 -9999 -9999 -9999 -9999 -9999 -9999 -9999 -9999 -9999 -9999 -9999 3 3 9 9 65 141 142 143 134 134 134 135 135 132 132 132 144 145 111 146 147 148 149 150 151 152 152 152 153 129 -9999 -9999 -9999 -9999 -9999 154 154 -9999 -9999 -9999 -9999 -9999 -9999 140 140 155 156 155 157 157 158 30 14 -9999 -9999 14 30 14 -9999
-9999 -9999 -9999 -9999 -9999 -9999 -9999 -9999 -9999 -9999 -9999 -9999 -9999 -9999 -9999 -9999 -9999 -9999 -9999 -9999 -9999 -9999 -9999 -9999 -9999 -9999 -9999 -9999 -9999 -9999 -9999 3 9 159 159 141 141 160 143 143 134 134 134 135 123 161 162 163 163 145 164 147 165 166 167 167 168 169 170 152 153 153 153 153 153 153 171 171 -9999 139 139 172 172 140 173 174 175 175 176 123 123 177 178 179 180 172 14 30 14 14
-9999 -9999 -9999 -9999 -9999 -9999 -9999 -9999 -9999 -9999 -9999 -9999 -9999 -9999 -9999 -9999 -9999 -9999 -9999 -9999 -9999 -9999 -9999 -9999 -9999 -9999 -9999 -9999 -9999 -9999 -9999 9 159 159 159 181 141 160 142 143 182 176 134 135 147 183 183 111 111 111 111 164 147 165 184 184 184 166 150 185 152 152 152 152 153 171 171 171 171 171 171 186 180 176 135 135 187 125 161 188 131 131 132 189 180 139 139 139 21 -9999
-9999 -9999 -9999 -9999 -9999 -9999 -9999 -9999 -9999 -9999 -9999 -9999 -9999 -9999 -9999 -9999 -9999 -9999 -9999 -9999 -9999 -9999 -9999 -9999 -9999 -9999 -9999 -9999 -9999 -9999 9 159 159 159 140 140 158 160 142 182 134 135 176 164 147 190 162 164 164 111 111 164 147 147 147 147 165 166 150 150 150 185 152 191 191 192 191 191 191 191 191 193 194 195 195 123 123 196 197 198 199 132 200 201 202 139 139 -9999 -9999 -9999
-9999 -9999 -9999 -9999 -9999 -9999 -9999 -9999 -9999 -9999 -9999 -9999 -9999 -9999 -9999 -9999 -9999 -9999 -9999 -9999 -9999 -9999 -9999 -9999 -9999 -9999 -9999 -9999 -9999 -9999 140 159 140 140 140 140 158 160 156 135 123 125 147 147 164 166 150 164 164 111 111 111 164 147 147 147 147 165 184 166 166 166 150 203 169 204 191 191 191 205 205 206 195 195 164 207 208 207 135 123 209 210 211 212 139 139 139 -9999 -9999 -9999
-9999 -9999 -9999 -9999 -9999 -9999 -9999 -9999 -9999 -9999 -9999 -9999 -9999 -9999 -9999 -9999 -9999 -9999 -9999 -9999 -9999 -9999 -9999 -9999 -9999 -9999 -9999 -9999 -9999 139 172 172 172 172 172 213 212 214 135 123 195 195 164 147 147 215 216 164 111 111 111 111 164 164 164 164 147 147 147 147 147 147 166 166 166 166 217 218 218 218 194 219 195 220 195 221 222 223 224 220 224 225 212 139 139 139 139 -9999 -9999 -9999
-9999 -9999 -9999 -9999 -9999 -9999 -9999 -9999 -9999 -9999 -9999 -9999 -9999 -9999 -9999 -9999 -9999 -9999 -9999 -9999 -9999 -9999 -9999 -9999 -9999 -9999 -9999 -9999 139 139 139 139 139 139 139 202 212 214 123 123 226 164 195 147 147 165 147 164 111 111 147 147 164 195 195 164 227 164 227 147 147 190 166 190 166 190 228 184 183 218 219 195 195 224 229 222 230 224 231 231 232 233 191 202 139 139 139 -9999 -9999 -9999
-9999 -9999 -9999 -9999 -9999 -9999 -9999 -9999 -9999 -9999 -9999 -9999 -9999 -9999 -9999 -9999 -9999 -9999 -9999 -9999 -9999 -9999 -9999 -9999 -9999 -9999 21 139 139 139 139 139 139 139 139 202 212 123 123 164 164 195 234 147 165 165 165 147 111 111 147 147 195 195 195 164 147 195 220 164 147 147 165 147 166 190 217 147 147 235 195 195 220 224 231 236 231 237 237 238 238 239 191 192 171 171 139 -9999 -9999 -9999
-9999 -9999 -9999 -9999 -9999 -9999 -9999 -9999 -9999 -9999 -9999 -9999 -9999 -9999 -9999 -9999 -9999 -9999 -9999 -9999 -9999 -9999 -9999 -9999 -9999 21 14 139 139 139 139 139 139 139 139 202 212 240 123 164 164 195 241 242 165 165 147 147 243 243 244 245 246 247 248 195 195 195 195 220 147 147 165 147 147 147 249 164 147 195 195 220 220 231 231 250 231 237 251 238 238 252 191 171 171 171 171 -9999 -9999 -9999
-9999 -9999 -9999 -9999 -9999 -9999 -9999 -9999 -9999 -9999 -9999 -9999 -9999 -9999 -9999 -9999 -9999 -9999 -9999 -9999 -9999 -9999 -9999 9 14 21 139 139 139 139 139 139 139 139 139 212 214 253 164 195 195 254 241 255 256 219 248 247 247 257 247 247 247 246 258 259 258 260 261 260 260 261 262 260 263 261 249 195 195 195 224 220 231 231 164 250 238 251 251 264 265 266 152 171 171 171 171 -9999 -9999 -9999
-9999 -9999 -9999 -9999 -9999 -9999 -9999 -9999 -9999 -9999 -9999 -9999 -9999 -9999 -9999 -9999 -9999 -9999 -9999 -9999 -9999 -9999 9 14 14 140 139 139 139 139 139 139 139 139 202 212 253 267 207 195 220 268 241 269 268 268 270 271 272 273 244 247 257 243 243 258 258 274 258 258 261 262 275 260 263 276 260 277 260 277 278 248 195 164 279 280 281 282 283 284 285 205 191 171 171 171 -9999 -9999 -9999 -9999
-9999 -9999 -9999 -9999 -9999 -9999 -9999 -9999 -9999 -9999 -9999 -9999 -9999 -9999 -9999 9 -9999 9 9 9 9 9 9 14 14 140 172 139 139 139 139 139 139 202 212 212 286 224 207 248 269 269 269 269 287 288 289 289 288 273 273 290 257 247 243 243 274 291 245 258 292 275 293 260 263 263 263 294 277 295 294 294 164 296 297 298 299 300 284 284 301 151 302 171 171 171 -9999 -9999 -9999 -9999
-9999 -9999 -9999 -9999 -9999 -9999 -9999 -9999 -9999 -9999 -9999 -9999 -9999 -9999 -9999 3 9 9 9 9 3 9 9 9 9 140 172 172 172 139 139 139 202 212 212 214 143 224 231 269 269 269 287 303 304 305 305 306 307 308 309 288 310 310 247 311 312 313 314 245 315 259 258 316 260 260 278 317 318 294 277 263 319 320 321 322 323 324 325 323 284 326 171 171 171 171 -9999 -9999 -9999 -9999
-9999 -9999 -9999 -9999 -9999 -9999 -9999 -9999 -9999 -9999 -9999 -9999 -9999 -9999 9 9 9 9 3 3 9 9 9 9 140 140 140 140 140 140 140 172 212 212 212 214 142 231 231 327 287 328 303 329 304 304 305 330 331 305 288 309 309 332 247 311 311 247 247 245 258 333 258 314 263 334 335 318 277 277 263 336 337 338 339 340 341 342 343 344 191 191 171 171 171 -9999 -9999 -9999 -9999 -9999
-9999 -9999 -9999 -9999 -9999 -9999 -9999 -9999 -9999 -9999 -9999 -9999 -9999 9 3 9 3 3 3 3 9 3 9 9 159 140 140 140 140 140 140 213 212 212 214 214 224 231 345 346 346 329 329 306 304 305 347 331 348 305 349 349 350 350 257 257 271 332 247 351 351 247 352 352 353 294 354 334 355 356 357 358 359 360 284 361 362 363 364 191 191 191 171 -9999 -9999 -9999 -9999 -9999 -9999 -9999
-9999 -9999 -9999 -9999 -9999 -9999 -9999 -9999 -9999 -9999 -9999 -9999 -9999 3 3 3 9 3 3 3 3 3 9 159 159 159 159 159 159 140 140 158 158 180 365 366 224 231 231 367 368 303 369 305 305 305 370 371 331 305 309 350 350 227 372 288 373 351 271 374 374 331 331 352 277 277 375 356 376 377 378 358 379 379 380 381 382 383 384 205 205 171 385 -9999 -9999 -9999 -9999 -9999 -9999 -9999
-9999 -9999 -9999 -9999 -9999 -9999 -9999 -9999 -9999 -9999 -9999 -9999 3 3 3 3 3 3 3 3 3 3 3 386 159 159 159 159 159 159 141 158 158 160 387 388 224 231 389 367 368 329 369 390 304 309 305 391 347 305 350 350 349 332 332 373 392 393 392 331 394 395 352 396 263 397 376 376 378 398 398 320 321 399 399 400 205 384 384 384 385 -9999 -9999 -9999 -9999 -9999 -9999 -9999 -9999 -9999
-9999 -9999 -9999 -9999 -9999 -9999 -9999 -9999 -9999 -9999 -9999 3 3 3 3 3 3 3 3 3 3 3 3 386 159 159 159 159 159 141 401 402 403 404 405 406 407 389 236 367 408 303 303 305 305 305 347 409 347 410 273 332 373 411 411 412 413 307 331 331 331 395 333 414 415 377 377 378 416 417 417 320 339 418 400 381 205 191 384 385 419 -9999 -9999 -9999 -9999 -9999 -9999 -9999 -9999 -9999
-9999 -9999 -9999 -9999 -9999 -9999 -9999 -9999 -9999 -9999 -9999 3 3 3 3 3 3 3 3 3 3 3 3 420 386 159 159 159 141 421 422 423 424 425 426 405 389 236 367 427 408 369 428 347 347 429 430 409 431 431 432 433 409 434 434 434 330 391 435 436 437 438 439 440 441 442 443 444 416 417 416 297 445 323 446 447 205 191 384 385 -9999 -9999 -9999 -9999 -9999 -9999 -9999 -9999 -9999 -9999
-9999 -9999 -9999 -9999 -9999 -9999 -9999 -9999 -9999 -9999 -9999 3 3 3 3 76 76 76 3 3 3 3 3 420 386 420 448 449 450 451 452 452 453 454 455 403 367 367 367 456 457 457 428 428 347 458 459 460 461 462 409 463 464 464 465 466 467 391 409 468 469 468 251 470 339 297 471 398 472 473 473 473 151 151 151 474 475 191 385 385 -9999 -9999 -9999 -9999 -9999 -9999 -9999 -9999 -9999 -9999
-9999 -9999 -9999 -9999 -9999 -9999 -9999 -9999 -9999 -9999 4 3 76 76 76 76 76 76 3 3 3 3 3 420 420 476 477 478 479 480 481 478 452 453 424 482 483 484 367 485 486 487 488 489 489 490 491 492 493 494 495 496 496 464 497 494 465 498 468 468 468 499 470 284 284 500 501 473 473 502 502 502 152 151 503 504 505 186 385 419 -9999 -9999 -9999 -9999 -9999 -9999 -9999 -9999 -9999 -9999
-9999 -9999 -9999 -9999 -9999 -9999 -9999 -9999 -9999 -9999 4 4 76 76 76 76 76 76 76 76 3 3 420 420 420 506 507 508 509 510 511 512 478 450 422 513 514 484 515 516 486 487 488 517 518 519 520 521 521 497 522 461 462 494 494 465 523 524 391 468 282 525 325 526 381 527 473 502 502 502 502 152 152 152 205 528 191 385 385 419 -9999 -9999 -9999 -9999 -9999 -9999 -9999 -9999 -9999 -9999
-9999 -9999 -9999 -9999 -9999 -9999 76 4 -9999 -9999 -9999 4 76 76 76 76 76 76 76 76 3 3 420 420 420 506 529 530 531 532 533 534 478 478 477 535 536 537 536 537 538 539 487 518 540 541 542 543 462 544 497 545 497 546 547 547 548 549 251 525 282 550 551 552 553 193 191 152 554 555 153 153 153 152 191 191 556 385 419 419 -9999 -9999 -9999 -9999 -9999 -9999 -9999 -9999 -9999 -9999
-9999 -9999 -9999 -9999 -9999 76 76 76 76 76 76 76 76 76 76 76 76 76 76 76 76 3 420 420 420 557 558 529 559 560 560 530 530 530 561 562 563 564 565 566 567 487 568 569 570 571 572 573 574 575 576 577 578 579 580 431 549 251 581 582 583 584 585 586 587 587 384 191 192 153 153 153 171 171 171 385 385 419 419 -9999 -9999 -9999 -9999 -9999 -9999 -9999 -9999 -9999 -9999 -9999
-9999 -9999 -9999 76 76 -9999 76 76 76 76 76 76 76 76 76 76 76 76 76 76 76 76 420 588 420 588 589 590 590 590 591 592 593 593 594 595 596 597 538 565 490 598 599 600 601 602 603 604 605 606 607 608 609 610 611 612 569 581 613 614 615 616 617 618 619 620 621 191 171 171 171 171 385 385 385 385 419 419 -9999 -9999 -9999 -9999 -9999 -9999 -9999 -9999 -9999 -9999 -9999 -9999
-9999 -9999 -9999 76 76 -9999 -9999 -9999 76 76 76 76 76 76 76 76 76 76 76 76 76 76 420 588 588 588 622 589 623 623 623 624 625 626 593 627 628 629 538 630 631 630 599 630 632 633 634 635 636 637 638 639 640 641 642 642 643 251 644 645 521 521 521 646 647 648 649 384 385 385 385 385 385 385 419 -9999 -9999 -9999 -9999 -9999 -9999 -9999 -9999 -9999 -9999 -9999 -9999 -9999 -9999 -9999
-9999 -9999 -9999 -9999 -9999 -9999 -9999 -9999 -9999 76 76 76 76 76 76 76 76 76 76 76 76 76 76 588 588 588 622 589 650 651 651 651 623 652 653 654 632 630 630 630 655 630 487 630 517 517 633 634 656 657 658 659 660 661 662 663 664 665 251 666 667 521 668 669 670 671 672 673 673 419 385 385 385 -9999 -9999 -9999 -9999 -9999 -9999 -9999 -9999 -9999 -9999 -9999 -9999 -9999 -9999 -9999 -9999 -9999
-9999 -9999 -9999 -9999 -9999 76 76 -9999 -9999 -9999 76 76 76 76 76 76 76 76 76 76 76 76 76 76 588 588 674 675 675 676 677 678 677 679 680 681 633 489 517 632 632 630 682 683 684 685 686 687 688 689 690 691 688 692 693 694 251 251 695 696 697 698 699 700 700 701 702 673 673 673 703 -9999 -9999 -9999 -9999 -9999 -9999 -9999 -9999 -9999 -9999 -9999 -9999 -9999 -9999 -9999 -9999 -9999 -9999 -9999
-9999 -9999 -9999 -9999 -9999 -9999 -9999 -9999 76 76 76 76 76 76 76 76 76 76 76 76 76 76 76 76 76 76 76 704 704 704 704 704 705 705 677 677 706 707 708 709 710 710 711 712 713 714 715 716 687 717 656 718 719 720 721 538 251 613 722 723 724 699 725 726 700 621 673 703 703 -9999 -9999 -9999 -9999 -9999 -9999 -9999 -9999 -9999 -9999 -9999 -9999 -9999 -9999 -9999 -9999 -9999 -9999 -9999 -9999 -9999
-9999 -9999 -9999 -9999 -9999 -9999 -9999 -9999 -9999 76 76 76 76 76 76 76 76 76 76 76 76 76 76 76 76 76 76 76 704 704 704 704 704 704 704 704 678 678 678 678 727 728 729 716 730 685 731 656 687 732 718 733 733 734 735 251 736 737 738 739 740 741 742 743 744 673 703 703 -9999 -9999 -9999 -9999 -9999 -9999 -9999 -9999 -9999 -9999 -9999 -9999 -9999 -9999 -9999 -9999 -9999 -9999 -9999 -9999 -9999 -9999
-9999 -9999 -9999 -9999 -9999 -9999 -9999 -9999 -9999 76 76 76 76 76 76 76 76 76 76 76 76 76 76 76 76 76 76 76 745 704 704 704 704 704 704 704 704 704 704 678 678 746 747 748 687 749 687 750 751 752 752 752 601 611 601 264 753 754 755 669 756 756 742 741 757 673 703 -9999 -9999 -9999 -9999 -9999 -9999 -9999 -9999 -9999 -9999 -9999 -9999 -9999 -9999 -9999 -9999 -9999 -9999 -9999 -9999 -9999 -9999 -9999
-9999 -9999 -9999 -9999 -9999 -9999 -9999 -9999 76 76 76 76 76 76 76 76 76 76 76 76 76 76 76 76 76 76 76 76 76 76 745 745 745 745 745 704 704 704 704 704 704 678 758 759 760 761 762 690 763 751 764 765 611 766 767 753 726 768 769 740 756 756 756 770 771 673 703 -9999 -9999 -9999 -9999 -9999 -9999 -9999 -9999 -9999 -9999 -9999 -9999 -9999 -9999 -9999 -9999 -9999 -9999 -9999 -9999 -9999 -9999 -9999
-9999 -9999 -9999 -9999 -9999 -9999 -9999 76 76 76 76 76 76 76 76 76 76 76 76 76 76 76 76 76 76 76 76 76 76 76 76 76 76 76 76 76 76 745 745 704 704 704 678 772 773 774 775 776 687 777 778 779 780 781 753 782 783 768 784 785 756 756 756 621 419 703 786 -9999 -9999 -9999 -9999 -9999 -9999 -9999 -9999 -9999 -9999 -9999 -9999 -9999 -9999 -9999 -9999 -9999 -9999 -9999 -9999 -9999 -9999 -9999
-9999 -9999 -9999 -9999 -9999 -9999 76 76 76 76 76 76 76 76 76 76 76 76 76 76 76 76 76 76 76 76 76 76 76 76 76 76 76 76 76 76 76 76 76 76 745 704 704 787 773 773 773 788 750 328 789 110 241 790 726 768 768 768 756 756 756 768 757 673 703 786 -9999 -9999 -9999 -9999 -9999 -9999 -9999 -9999 -9999 -9999 -9999 -9999 -9999 -9999 -9999 -9999 -9999 -9999 -9999 -9999 -9999 -9999 -9999 -9999
-9999 -9999 -9999 -9999 76 76 76 76 76 76 76 76 76 76 76 745 745 745 745 745 745 745 745 76 76 76 76 76 76 76 76 76 76 76 76 76 76 76 76 76 76 745 704 773 773 791 792 793 794 118 118 795 796 782 768 768 768 768 756 756 756 797 702 76 -9999 -9999 -9999 -9999 -9999 -9999 -9999 -9999 -9999 -9999 -9999 -9999 -9999 -9999 -9999 -9999 -9999 -9999 -9999 -9999 -9999 -9999 -9999 -9999 -9999 -9999
-9999 -9999 -9999 76 76 76 76 76 76 76 76 76 704 704 704 704 704 704 704 704 704 704 745 745 76 76 76 76 76 76 76 76 76 76 76 76 76 76 76 76 76 745 704 798 799 800 801 802 803 118 804 804 753 768 768 768 756 756 756 756 756 704 76 76 -9999 -9999 -9999 -9999 -9999 -9999 -9999 -9999 -9999 -9999 -9999 -9999 -9999 -9999 -9999 -9999 -9999 -9999 -9999 -9999 -9999 -9999 -9999 -9999 -9999 -9999
