mantelliABC_v6_model_S/splatche3input/oriworld_model_S.asc
NCOLS 90
NROWS 94
XLLCORNER 171.583333333333
YLLCORNER -41.6666666666667
CELLSIZE 0.0833333333333333
NODATA_value -9999
[rows 40 to 79 of 94, columns 0 to 89 of 90]
-9999 -9999 -9999 -9999 -9999 -9999 -9999 -9999 -9999 -9999 -9999 -9999 -9999 -9999 -9999 -9999 -9999 -9999 -9999 -9999 -9999 -9999 -9999 -9999 -9999 -9999 -9999 -9999 -9999 -9999 4 4 10 32 32 72 57 62 49 43 58 43 122 122 43 111 111 111 43 119 112 58 35 35 27 76 76 -9999 -9999 -9999 -9999 -9999 -9999 -9999 -9999 -9999 -9999 -9999 -9999 -9999 -9999 -9999 -9999 -9999 -9999 -9999 -9999 -9999 -9999 -9999 -9999 -9999 -9999 -9999 -9999 -9999 -9999 -9999 -9999 -9999
-9999 -9999 -9999 -9999 -9999 -9999 -9999 -9999 -9999 -9999 -9999 -9999 -9999 -9999 -9999 -9999 -9999 -9999 -9999 -9999 -9999 -9999 -9999 -9999 -9999 -9999 -9999 -9999 -9999 -9999 -9999 4 3 32 65 72 93 62 49 63 58 44 41 122 43 43 111 111 111 123 124 125 125 126 126 127 128 129 -9999 -9999 -9999 -9999 -9999 -9999 -9999 -9999 -9999 -9999 -9999 -9999 -9999 -9999 -9999 -9999 -9999 -9999 -9999 -9999 -9999 -9999 -9999 -9999 -9999 -9999 -9999 -9999 -9999 -9999 -9999 -9999
-9999 -9999 -9999 -9999 -9999 -9999 -9999 -9999 -9999 -9999 -9999 -9999 -9999 -9999 -9999 -9999 -9999 -9999 -9999 -9999 -9999 -9999 -9999 3 -9999 -9999 -9999 -9999 -9999 -9999 -9999 4 3 3 65 65 72 62 52 63 63 130 41 131 132 123 111 111 111 111 111 111 111 103 133 133 133 129 129 -9999 -9999 -9999 -9999 -9999 -9999 -9999 -9999 -9999 -9999 -9999 -9999 -9999 -9999 -9999 -9999 -9999 -9999 -9999 -9999 -9999 -9999 -9999 -9999 -9999 -9999 -9999 -9999 -9999 -9999 -9999
-9999 -9999 -9999 -9999 -9999 -9999 -9999 -9999 -9999 -9999 -9999 -9999 -9999 -9999 -9999 -9999 -9999 -9999 -9999 -9999 -9999 -9999 -9999 -9999 -9999 -9999 -9999 -9999 -9999 -9999 -9999 -9999 3 3 74 65 72 62 52 134 135 135 131 132 132 123 123 111 111 123 125 125 136 137 138 133 133 129 129 129 -9999 -9999 -9999 -9999 -9999 -9999 -9999 139 -9999 -9999 -9999 -9999 -9999 -9999 -9999 -9999 140 140 140 14 14 -9999 -9999 -9999 -9999 -9999 -9999 -9999 14 -9999
-9999 -9999 -9999 -9999 -9999 -9999 -9999 -9999 -9999 -9999 -9999 -9999 -9999 -9999 -9999 -9999 -9999 -9999 -9999 -9999 -9999 -9999 -9999 -9999 -9999 -9999 -9999 -9999 -9999 -9999 -9999 3 3 9 9 65 141 142 143 134 134 134 135 135 132 132 132 144 145 111 146 147 148 149 150 151 152 152 152 153 129 -9999 -9999 -9999 -9999 -9999 154 154 -9999 -9999 -9999 -9999 -9999 -9999 140 140 155 156 155 157 157 158 30 14 -9999 -9999 14 30 14 -9999
-9999 -9999 -9999 -9999 -9999 -9999 -9999 -9999 -9999 -9999 -9999 -9999 -9999 -9999 -9999 -9999 -9999 -9999 -9999 -9999 -9999 -9999 -9999 -9999 -9999 -9999 -9999 -9999 -9999 -9999 -9999 3 9 159 159 141 141 160 143 143 134 134 134 135 123 161 162 163 163 145 164 147 165 166 167 167 168 169 170 152 153 153 153 153 153 153 171 171 -9999 139 139 172 172 140 173 174 175 175 176 123 123 177 178 179 180 172 14 30 14 14
-9999 -9999 -9999 -9999 -9999 -9999 -9999 -9999 -9999 -9999 -9999 -9999 -9999 -9999 -9999 -9999 -9999 -9999 -9999 -9999 -9999 -9999 -9999 -9999 -9999 -9999 -9999 -9999 -9999 -9999 -9999 9 159 159 159 181 141 160 142 143 182 176 134 135 147 183 183 111 111 111 111 164 147 165 184 184 184 166 150 185 152 152 152 152 153 171 171 171 171 171 171 186 180 176 135 135 187 125 161 188 131 131 132 189 180 139 139 139 21 -9999
-9999 -9999 -9999 -9999 -9999 -9999 -9999 -9999 -9999 -9999 -9999 -9999 -9999 -9999 -9999 -9999 -9999 -9999 -9999 -9999 -9999 -9999 -9999 -9999 -9999 -9999 -9999 -9999 -9999 -9999 9 159 159 159 140 140 158 160 142 182 134 135 176 164 147 190 162 164 164 111 111 164 147 147 147 147 165 166 150 150 150 185 152 191 191 192 191 191 191 191 191 193 194 195 195 123 123 196 197 198 199 132 200 201 202 139 139 -9999 -9999 -9999
-9999 -9999 -9999 -9999 -9999 -9999 -9999 -9999 -9999 -9999 -9999 -9999 -9999 -9999 -9999 -9999 -9999 -9999 -9999 -9999 -9999 -9999 -9999 -9999 -9999 -9999 -9999 -9999 -9999 -9999 140 159 140 140 140 140 158 160 156 135 123 125 147 147 164 166 150 164 164 111 111 111 164 147 147 147 147 165 184 166 166 166 150 203 169 204 191 191 191 205 205 206 195 195 164 207 208 207 135 123 209 210 211 212 139 139 139 -9999 -9999 -9999
-9999 -9999 -9999 -9999 -9999 -9999 -9999 -9999 -9999 -9999 -9999 -9999 -9999 -9999 -9999 -9999 -9999 -9999 -9999 -9999 -9999 -9999 -9999 -9999 -9999 -9999 -9999 -9999 -9999 139 172 172 172 172 172 213 212 214 135 123 195 195 164 147 147 215 216 164 111 111 111 111 164 164 164 164 147 147 147 147 147 147 166 166 166 166 217 218 218 218 194 219 195 220 195 221 222 223 224 220 224 225 212 139 139 139 139 -9999 -9999 -9999
-9999 -9999 -9999 -9999 -9999 -9999 -9999 -9999 -9999 -9999 -9999 -9999 -9999 -9999 -9999 -9999 -9999 -9999 -9999 -9999 -9999 -9999 -9999 -9999 -9999 -9999 -9999 -9999 139 139 139 139 139 139 139 202 212 214 123 123 226 164 195 147 147 165 147 164 111 111 147 147 164 195 195 164 227 164 227 147 147 190 166 190 166 190 228 184 183 218 219 195 195 224 229 222 230 224 231 231 232 233 191 202 139 139 139 -9999 -9999 -9999
-9999 -9999 -9999 -9999 -9999 -9999 -9999 -9999 -9999 -9999 -9999 -9999 -9999 -9999 -9999 -9999 -9999 -9999 -9999 -9999 -9999 -9999 -9999 -9999 -9999 -9999 21 139 139 139 139 139 139 139 139 202 212 123 123 164 164 195 234 147 165 165 165 147 111 111 147 147 195 195 195 164 147 195 220 164 147 147 165 147 166 190 217 147 147 235 195 195 220 224 231 236 231 237 237 238 238 239 191 192 171 171 139 -9999 -9999 -9999
-9999 -9999 -9999 -9999 -9999 -9999 -9999 -9999 -9999 -9999 -9999 -9999 -9999 -9999 -9999 -9999 -9999 -9999 -9999 -9999 -9999 -9999 -9999 -9999 -9999 21 14 139 139 139 139 139 139 139 139 202 212 240 123 164 164 195 241 242 165 165 147 147 111 111 243 219 244 245 245 195 195 195 195 220 147 147 165 147 147 147 246 164 147 195 195 220 220 231 231 247 231 237 248 238 238 249 191 171 171 171 171 -9999 -9999 -9999
-9999 -9999 -9999 -9999 -9999 -9999 -9999 -9999 -9999 -9999 -9999 -9999 -9999 -9999 -9999 -9999 -9999 -9999 -9999 -9999 -9999 -9999 -9999 9 14 21 139 139 139 139 139 139 139 139 139 212 214 250 164 195 195 244 241 251 243 219 245 245 245 252 245 245 245 244 195 147 195 195 147 195 195 147 166 195 164 147 246 195 195 195 224 220 231 231 164 247 238 248 248 253 254 255 152 171 171 171 171 -9999 -9999 -9999
-9999 -9999 -9999 -9999 -9999 -9999 -9999 -9999 -9999 -9999 -9999 -9999 -9999 -9999 -9999 -9999 -9999 -9999 -9999 -9999 -9999 -9999 9 14 14 140 139 139 139 139 139 139 139 139 202 212 250 256 207 195 220 257 241 258 257 257 259 260 258 110 243 245 252 111 111 195 195 183 195 195 147 166 261 195 164 246 195 224 195 224 262 245 195 164 263 264 265 266 267 268 269 205 191 171 171 171 -9999 -9999 -9999 -9999
-9999 -9999 -9999 -9999 -9999 -9999 -9999 -9999 -9999 -9999 -9999 -9999 -9999 -9999 -9999 9 -9999 9 9 9 9 9 9 14 14 140 172 139 139 139 139 139 139 202 212 212 270 224 207 245 258 258 258 258 271 272 273 273 272 110 110 274 252 245 111 111 183 184 219 195 190 261 275 195 164 164 164 231 224 220 231 231 164 276 277 278 279 280 268 268 281 151 282 171 171 171 -9999 -9999 -9999 -9999
-9999 -9999 -9999 -9999 -9999 -9999 -9999 -9999 -9999 -9999 -9999 -9999 -9999 -9999 -9999 3 9 9 9 9 3 9 9 9 9 140 172 172 172 139 139 139 202 212 212 214 143 224 231 258 258 258 271 283 284 283 283 285 286 287 271 272 288 288 245 145 144 194 220 219 246 147 195 247 195 195 262 289 290 231 224 164 291 292 293 294 295 296 297 295 268 298 171 171 171 171 -9999 -9999 -9999 -9999
-9999 -9999 -9999 -9999 -9999 -9999 -9999 -9999 -9999 -9999 -9999 -9999 -9999 -9999 9 9 9 9 3 3 9 9 9 9 140 140 140 140 140 140 140 172 212 212 212 214 142 231 231 299 271 284 283 285 284 284 283 300 301 283 272 271 271 302 245 145 145 245 245 219 195 164 195 220 164 236 303 290 224 224 164 304 291 305 306 307 308 309 310 311 191 191 171 171 171 -9999 -9999 -9999 -9999 -9999
-9999 -9999 -9999 -9999 -9999 -9999 -9999 -9999 -9999 -9999 -9999 -9999 -9999 9 3 9 3 3 3 3 9 3 9 9 159 140 140 140 140 140 140 213 212 212 214 214 224 231 259 312 312 285 285 285 284 283 313 301 314 283 315 315 316 316 252 252 260 302 245 247 247 245 231 231 317 231 318 236 319 320 321 322 323 324 268 325 326 327 328 191 191 191 171 -9999 -9999 -9999 -9999 -9999 -9999 -9999
-9999 -9999 -9999 -9999 -9999 -9999 -9999 -9999 -9999 -9999 -9999 -9999 -9999 3 3 3 9 3 3 3 3 3 9 159 159 159 159 159 159 140 140 158 158 180 329 330 224 231 231 331 332 283 314 283 283 283 333 334 301 283 271 316 316 227 335 272 336 247 260 337 337 301 301 231 224 224 338 320 339 340 340 322 341 341 342 343 344 345 346 205 205 171 347 -9999 -9999 -9999 -9999 -9999 -9999 -9999
-9999 -9999 -9999 -9999 -9999 -9999 -9999 -9999 -9999 -9999 -9999 -9999 3 3 3 3 3 3 3 3 3 3 3 348 159 159 159 159 159 159 141 158 158 160 349 350 224 231 290 331 332 285 314 351 284 271 283 352 313 283 316 316 315 302 302 336 353 354 353 301 355 356 231 357 164 358 339 339 340 359 359 292 293 360 360 361 205 346 346 346 347 -9999 -9999 -9999 -9999 -9999 -9999 -9999 -9999 -9999
-9999 -9999 -9999 -9999 -9999 -9999 -9999 -9999 -9999 -9999 -9999 3 3 3 3 3 3 3 3 3 3 3 3 348 159 159 159 159 159 141 362 363 364 365 366 367 368 290 236 331 300 283 283 283 283 283 313 369 313 370 110 302 336 371 371 372 373 286 301 301 301 356 164 357 374 340 340 340 375 376 376 292 306 377 361 343 205 191 346 347 378 -9999 -9999 -9999 -9999 -9999 -9999 -9999 -9999 -9999
-9999 -9999 -9999 -9999 -9999 -9999 -9999 -9999 -9999 -9999 -9999 3 3 3 3 3 3 3 3 3 3 3 3 379 348 159 159 159 141 380 381 382 383 384 385 366 290 236 331 286 300 314 313 313 313 386 387 369 114 114 332 388 369 389 389 389 300 352 390 391 238 392 393 393 394 395 396 397 375 376 375 277 398 295 399 400 205 191 346 347 -9999 -9999 -9999 -9999 -9999 -9999 -9999 -9999 -9999 -9999
-9999 -9999 -9999 -9999 -9999 -9999 -9999 -9999 -9999 -9999 -9999 3 3 3 3 76 76 76 3 3 3 3 3 379 348 379 401 402 403 404 405 405 406 407 408 364 331 331 331 301 409 409 313 313 313 410 411 412 413 414 369 415 416 416 417 418 419 352 369 248 234 248 248 420 306 277 421 359 422 423 423 423 151 151 151 424 425 191 347 347 -9999 -9999 -9999 -9999 -9999 -9999 -9999 -9999 -9999 -9999
-9999 -9999 -9999 -9999 -9999 -9999 -9999 -9999 -9999 -9999 4 3 76 76 76 76 76 76 3 3 3 3 3 379 379 426 427 428 429 430 431 428 405 406 383 432 433 434 331 334 333 369 435 436 436 437 438 439 440 441 442 443 443 416 444 441 417 445 248 248 248 446 420 268 268 447 448 423 423 449 449 449 152 151 450 451 452 186 347 378 -9999 -9999 -9999 -9999 -9999 -9999 -9999 -9999 -9999 -9999
-9999 -9999 -9999 -9999 -9999 -9999 -9999 -9999 -9999 -9999 4 4 76 76 76 76 76 76 76 76 3 3 379 379 379 453 454 455 456 457 458 459 428 403 381 460 461 434 462 372 333 369 435 463 464 465 466 467 467 444 468 413 414 441 441 417 469 470 352 248 266 471 297 472 343 473 423 449 449 449 449 152 152 152 205 474 191 347 347 378 -9999 -9999 -9999 -9999 -9999 -9999 -9999 -9999 -9999 -9999
-9999 -9999 -9999 -9999 -9999 -9999 76 4 -9999 -9999 -9999 4 76 76 76 76 76 76 76 76 3 3 379 379 379 453 475 476 477 478 479 480 428 428 427 481 482 483 482 483 387 352 369 464 484 485 486 414 414 487 444 488 444 489 490 490 491 492 248 471 266 493 494 495 496 193 191 152 497 498 153 153 153 152 191 191 499 347 378 378 -9999 -9999 -9999 -9999 -9999 -9999 -9999 -9999 -9999 -9999
-9999 -9999 -9999 -9999 -9999 76 76 76 76 76 76 76 76 76 76 76 76 76 76 76 76 3 379 379 379 500 501 475 502 503 503 476 476 476 504 505 506 411 507 508 509 369 410 510 511 512 513 514 515 516 517 518 519 464 520 114 492 248 521 373 522 523 524 525 526 526 346 191 192 153 153 153 171 171 171 347 347 378 378 -9999 -9999 -9999 -9999 -9999 -9999 -9999 -9999 -9999 -9999 -9999
-9999 -9999 -9999 76 76 -9999 76 76 76 76 76 76 76 76 76 76 76 76 76 76 76 76 379 527 379 527 528 529 529 529 530 531 532 532 533 534 535 536 387 507 437 537 538 539 540 541 542 543 544 545 546 547 548 491 441 549 510 521 550 551 552 553 554 555 556 557 558 191 171 171 171 171 347 347 347 347 378 378 -9999 -9999 -9999 -9999 -9999 -9999 -9999 -9999 -9999 -9999 -9999 -9999
-9999 -9999 -9999 76 76 -9999 -9999 -9999 76 76 76 76 76 76 76 76 76 76 76 76 76 76 379 527 527 527 559 528 560 560 560 561 562 563 532 564 565 566 387 567 568 567 538 567 569 570 571 572 573 574 575 576 577 578 444 444 579 248 351 580 467 467 467 581 582 583 584 346 347 347 347 347 347 347 378 -9999 -9999 -9999 -9999 -9999 -9999 -9999 -9999 -9999 -9999 -9999 -9999 -9999 -9999 -9999
-9999 -9999 -9999 -9999 -9999 -9999 -9999 -9999 -9999 76 76 76 76 76 76 76 76 76 76 76 76 76 76 527 527 527 559 528 585 586 586 586 560 587 588 589 569 567 567 567 590 567 369 567 463 463 570 571 591 592 593 594 595 596 417 597 598 446 248 599 600 467 601 602 603 604 605 606 606 378 347 347 347 -9999 -9999 -9999 -9999 -9999 -9999 -9999 -9999 -9999 -9999 -9999 -9999 -9999 -9999 -9999 -9999 -9999
-9999 -9999 -9999 -9999 -9999 76 76 -9999 -9999 -9999 76 76 76 76 76 76 76 76 76 76 76 76 76 76 527 527 607 608 608 609 610 611 610 612 613 614 570 436 463 569 569 567 615 616 617 618 619 620 621 622 623 624 621 625 626 627 248 248 628 629 630 631 632 633 633 634 635 606 606 606 636 -9999 -9999 -9999 -9999 -9999 -9999 -9999 -9999 -9999 -9999 -9999 -9999 -9999 -9999 -9999 -9999 -9999 -9999 -9999
-9999 -9999 -9999 -9999 -9999 -9999 -9999 -9999 76 76 76 76 76 76 76 76 76 76 76 76 76 76 76 76 76 76 76 637 637 637 637 637 638 638 610 610 639 640 641 642 643 643 644 645 646 647 648 649 620 650 591 651 652 488 413 387 248 550 653 654 655 632 656 657 633 558 606 636 636 -9999 -9999 -9999 -9999 -9999 -9999 -9999 -9999 -9999 -9999 -9999 -9999 -9999 -9999 -9999 -9999 -9999 -9999 -9999 -9999 -9999
-9999 -9999 -9999 -9999 -9999 -9999 -9999 -9999 -9999 76 76 76 76 76 76 76 76 76 76 76 76 76 76 76 76 76 76 76 637 637 637 637 637 637 637 637 611 611 611 611 658 659 660 649 661 618 662 591 620 663 651 664 664 665 666 248 667 668 669 670 671 672 673 674 675 606 636 636 -9999 -9999 -9999 -9999 -9999 -9999 -9999 -9999 -9999 -9999 -9999 -9999 -9999 -9999 -9999 -9999 -9999 -9999 -9999 -9999 -9999 -9999
-9999 -9999 -9999 -9999 -9999 -9999 -9999 -9999 -9999 76 76 76 76 76 76 76 76 76 76 76 76 76 76 76 76 76 76 76 676 637 637 637 637 637 637 637 637 637 637 611 611 677 678 679 620 680 620 681 682 683 683 683 540 441 540 253 684 685 686 602 687 687 673 672 688 606 636 -9999 -9999 -9999 -9999 -9999 -9999 -9999 -9999 -9999 -9999 -9999 -9999 -9999 -9999 -9999 -9999 -9999 -9999 -9999 -9999 -9999 -9999 -9999
-9999 -9999 -9999 -9999 -9999 -9999 -9999 -9999 76 76 76 76 76 76 76 76 76 76 76 76 76 76 76 76 76 76 76 76 76 76 676 676 676 676 676 637 637 637 637 637 637 611 689 690 691 692 693 623 694 682 695 696 441 520 697 684 657 698 699 671 687 687 687 700 701 606 636 -9999 -9999 -9999 -9999 -9999 -9999 -9999 -9999 -9999 -9999 -9999 -9999 -9999 -9999 -9999 -9999 -9999 -9999 -9999 -9999 -9999 -9999 -9999
-9999 -9999 -9999 -9999 -9999 -9999 -9999 76 76 76 76 76 76 76 76 76 76 76 76 76 76 76 76 76 76 76 76 76 76 76 76 76 76 76 76 76 76 676 676 637 637 637 611 702 703 704 705 706 620 707 708 709 710 711 684 712 713 698 714 715 687 687 687 558 378 636 716 -9999 -9999 -9999 -9999 -9999 -9999 -9999 -9999 -9999 -9999 -9999 -9999 -9999 -9999 -9999 -9999 -9999 -9999 -9999 -9999 -9999 -9999 -9999
-9999 -9999 -9999 -9999 -9999 -9999 76 76 76 76 76 76 76 76 76 76 76 76 76 76 76 76 76 76 76 76 76 76 76 76 76 76 76 76 76 76 76 76 76 76 676 637 637 717 703 703 703 718 681 284 719 110 241 720 657 698 698 698 687 687 687 698 688 606 636 716 -9999 -9999 -9999 -9999 -9999 -9999 -9999 -9999 -9999 -9999 -9999 -9999 -9999 -9999 -9999 -9999 -9999 -9999 -9999 -9999 -9999 -9999 -9999 -9999
-9999 -9999 -9999 -9999 76 76 76 76 76 76 76 76 76 76 76 676 676 676 676 676 676 676 676 76 76 76 76 76 76 76 76 76 76 76 76 76 76 76 76 76 76 676 637 703 703 721 722 723 724 118 118 335 725 712 698 698 698 698 687 687 687 726 635 76 -9999 -9999 -9999 -9999 -9999 -9999 -9999 -9999 -9999 -9999 -9999 -9999 -9999 -9999 -9999 -9999 -9999 -9999 -9999 -9999 -9999 -9999 -9999 -9999 -9999 -9999
-9999 -9999 -9999 76 76 76 76 76 76 76 76 76 637 637 637 637 637 637 637 637 637 637 676 676 76 76 76 76 76 76 76 76 76 76 76 76 76 76 76 76 76 676 637 727 728 729 730 731 732 118 733 733 684 698 698 698 687 687 687 687 687 637 76 76 -9999 -9999 -9999 -9999 -9999 -9999 -9999 -9999 -9999 -9999 -9999 -9999 -9999 -9999 -9999 -9999 -9999 -9999 -9999 -9999 -9999 -9999 -9999 -9999 -9999 -9999
