model_scripts/mantelliABC_v6_model_G/splatche3input/oriworld_model_G.asc
NCOLS 90
NROWS 94
XLLCORNER 171.583333333333
YLLCORNER -41.6666666666667
CELLSIZE 0.0833333333333333
NODATA_value -9999
[rows 44 to 87 of 94, columns 0 to 89 of 90]
-9999 -9999 -9999 -9999 -9999 -9999 -9999 -9999 -9999 -9999 -9999 -9999 -9999 -9999 -9999 -9999 -9999 -9999 -9999 -9999 -9999 -9999 -9999 -9999 -9999 -9999 -9999 -9999 -9999 -9999 -9999 3 3 9 9 65 65 62 52 63 63 63 63 63 115 115 115 44 115 43 122 58 123 124 45 125 46 46 46 27 27 -9999 -9999 -9999 -9999 -9999 83 83 -9999 -9999 -9999 -9999 -9999 -9999 14 14 67 49 67 126 126 30 30 14 -9999 -9999 14 30 14 -9999
-9999 -9999 -9999 -9999 -9999 -9999 -9999 -9999 -9999 -9999 -9999 -9999 -9999 -9999 -9999 -9999 -9999 -9999 -9999 -9999 -9999 -9999 -9999 -9999 -9999 -9999 -9999 -9999 -9999 -9999 -9999 3 9 9 9 65 65 26 52 52 63 63 63 63 43 44 44 127 127 115 43 58 54 53 109 109 121 128 129 46 27 27 27 27 27 27 21 21 -9999 21 21 14 14 14 130 131 132 132 82 43 43 133 134 135 30 14 14 30 14 14
-9999 -9999 -9999 -9999 -9999 -9999 -9999 -9999 -9999 -9999 -9999 -9999 -9999 -9999 -9999 -9999 -9999 -9999 -9999 -9999 -9999 -9999 -9999 -9999 -9999 -9999 -9999 -9999 -9999 -9999 -9999 9 9 9 9 74 65 26 62 52 81 82 63 63 58 41 41 43 43 43 43 43 58 54 106 106 106 53 45 136 46 46 46 46 27 21 21 21 21 21 21 137 30 82 63 63 132 58 44 41 118 118 115 138 30 21 21 21 21 -9999
-9999 -9999 -9999 -9999 -9999 -9999 -9999 -9999 -9999 -9999 -9999 -9999 -9999 -9999 -9999 -9999 -9999 -9999 -9999 -9999 -9999 -9999 -9999 -9999 -9999 -9999 -9999 -9999 -9999 -9999 9 9 9 9 14 14 30 26 62 81 63 63 82 43 58 139 44 43 43 43 43 43 58 58 58 58 54 53 45 45 45 136 46 35 35 36 35 35 35 35 35 26 140 63 63 43 43 141 142 112 140 115 143 144 36 21 21 -9999 -9999 -9999
-9999 -9999 -9999 -9999 -9999 -9999 -9999 -9999 -9999 -9999 -9999 -9999 -9999 -9999 -9999 -9999 -9999 -9999 -9999 -9999 -9999 -9999 -9999 -9999 -9999 -9999 -9999 -9999 -9999 -9999 14 9 14 14 14 14 30 26 49 63 43 58 58 58 43 53 45 43 43 43 43 43 43 58 58 58 58 54 106 53 53 53 45 145 128 146 35 35 35 40 40 133 63 63 43 147 148 147 63 43 149 150 151 35 21 21 21 -9999 -9999 -9999
-9999 -9999 -9999 -9999 -9999 -9999 -9999 -9999 -9999 -9999 -9999 -9999 -9999 -9999 -9999 -9999 -9999 -9999 -9999 -9999 -9999 -9999 -9999 -9999 -9999 -9999 -9999 -9999 -9999 21 14 14 14 14 14 137 35 40 63 43 63 63 43 58 58 152 153 43 43 43 43 58 43 43 43 43 58 58 58 58 58 58 53 53 53 53 154 118 118 118 140 82 63 49 63 155 156 157 158 49 158 147 35 21 21 21 21 -9999 -9999 -9999
-9999 -9999 -9999 -9999 -9999 -9999 -9999 -9999 -9999 -9999 -9999 -9999 -9999 -9999 -9999 -9999 -9999 -9999 -9999 -9999 -9999 -9999 -9999 -9999 -9999 -9999 -9999 -9999 21 21 21 21 21 21 21 36 35 40 43 43 159 43 63 58 58 54 58 43 43 43 58 58 43 63 63 43 160 43 160 58 58 139 53 139 53 139 161 106 41 118 82 63 63 158 162 156 163 158 70 70 164 151 35 36 21 21 21 -9999 -9999 -9999
-9999 -9999 -9999 -9999 -9999 -9999 -9999 -9999 -9999 -9999 -9999 -9999 -9999 -9999 -9999 -9999 -9999 -9999 -9999 -9999 -9999 -9999 -9999 -9999 -9999 -9999 21 21 21 21 21 21 21 21 21 36 35 43 43 43 43 63 165 58 54 54 54 58 58 58 58 58 63 63 63 43 58 63 49 43 58 58 54 58 53 139 154 58 58 166 63 63 49 158 70 167 70 101 101 168 168 169 35 36 21 21 21 -9999 -9999 -9999
-9999 -9999 -9999 -9999 -9999 -9999 -9999 -9999 -9999 -9999 -9999 -9999 -9999 -9999 -9999 -9999 -9999 -9999 -9999 -9999 -9999 -9999 -9999 -9999 -9999 21 14 21 21 21 21 21 21 21 21 36 35 159 43 43 43 63 170 171 54 54 58 58 82 82 86 82 81 52 52 63 63 63 63 49 58 58 54 58 58 58 112 43 58 63 63 49 49 70 70 62 70 101 20 168 168 172 35 21 21 21 21 -9999 -9999 -9999
-9999 -9999 -9999 -9999 -9999 -9999 -9999 -9999 -9999 -9999 -9999 -9999 -9999 -9999 -9999 -9999 -9999 -9999 -9999 -9999 -9999 -9999 -9999 9 14 21 21 21 21 21 21 21 21 21 21 35 40 165 43 63 63 81 170 173 86 82 52 52 52 86 52 52 52 81 63 58 63 63 58 63 63 58 53 63 43 58 112 63 63 63 158 49 70 70 43 62 168 20 20 174 175 176 46 21 21 21 21 -9999 -9999 -9999
-9999 -9999 -9999 -9999 -9999 -9999 -9999 -9999 -9999 -9999 -9999 -9999 -9999 -9999 -9999 -9999 -9999 -9999 -9999 -9999 -9999 -9999 9 14 14 14 21 21 21 21 21 21 21 21 36 35 165 49 147 63 49 94 170 88 94 94 77 98 88 177 86 52 178 82 82 63 63 41 63 63 58 53 179 63 43 112 63 158 63 158 114 52 63 43 180 181 182 183 184 185 186 40 35 21 21 21 -9999 -9999 -9999 -9999
-9999 -9999 -9999 -9999 -9999 -9999 -9999 -9999 -9999 -9999 -9999 -9999 -9999 -9999 -9999 9 -9999 9 9 9 9 9 9 14 14 14 14 21 21 21 21 21 21 36 35 35 187 158 147 52 88 88 88 88 91 80 188 188 80 189 177 67 178 52 49 49 41 106 82 63 139 179 190 63 43 43 43 70 158 49 70 70 43 191 192 193 194 195 185 185 196 125 197 21 21 21 -9999 -9999 -9999 -9999
-9999 -9999 -9999 -9999 -9999 -9999 -9999 -9999 -9999 -9999 -9999 -9999 -9999 -9999 -9999 3 9 9 9 9 3 9 9 9 9 14 14 14 14 21 21 21 36 35 35 40 52 158 70 88 88 88 91 90 93 90 90 198 199 97 91 80 200 200 52 140 41 140 49 82 112 58 63 62 63 63 114 201 202 70 158 43 203 204 205 206 207 208 209 207 185 210 21 21 21 21 -9999 -9999 -9999 -9999
-9999 -9999 -9999 -9999 -9999 -9999 -9999 -9999 -9999 -9999 -9999 -9999 -9999 -9999 9 9 9 9 3 3 9 9 9 9 14 14 14 14 14 14 14 14 35 35 35 40 62 70 70 211 91 93 90 198 93 93 90 212 213 90 80 91 91 214 52 140 140 52 52 82 63 43 63 49 43 167 215 202 158 158 43 216 203 217 218 219 220 221 222 223 35 35 21 21 21 -9999 -9999 -9999 -9999 -9999
-9999 -9999 -9999 -9999 -9999 -9999 -9999 -9999 -9999 -9999 -9999 -9999 -9999 9 3 9 3 3 3 3 9 3 9 9 9 14 14 14 14 14 14 137 35 35 40 40 158 70 77 51 51 198 198 198 93 90 99 213 224 90 225 225 225 225 226 178 98 214 52 62 62 52 70 70 227 70 228 167 229 230 231 232 233 234 185 235 236 237 238 35 35 35 21 -9999 -9999 -9999 -9999 -9999 -9999 -9999
-9999 -9999 -9999 -9999 -9999 -9999 -9999 -9999 -9999 -9999 -9999 -9999 -9999 3 3 3 9 3 3 3 3 3 9 9 9 9 9 9 9 14 14 30 30 30 26 158 158 70 70 73 239 90 224 90 90 90 240 241 213 90 91 225 225 160 178 80 242 62 98 243 243 213 213 70 158 158 244 230 245 246 246 232 247 247 248 249 250 251 30 40 40 21 14 -9999 -9999 -9999 -9999 -9999 -9999 -9999
-9999 -9999 -9999 -9999 -9999 -9999 -9999 -9999 -9999 -9999 -9999 -9999 3 3 3 3 3 3 3 3 3 3 3 3 9 9 9 9 9 9 65 30 30 26 70 158 158 70 202 73 239 198 224 66 93 91 90 107 99 90 252 225 225 214 214 242 253 57 253 213 254 255 70 256 43 257 245 245 246 258 258 204 205 259 259 260 40 30 30 30 14 -9999 -9999 -9999 -9999 -9999 -9999 -9999 -9999 -9999
-9999 -9999 -9999 -9999 -9999 -9999 -9999 -9999 -9999 -9999 -9999 3 3 3 3 3 3 3 3 3 3 3 3 3 9 9 9 9 9 65 72 261 73 163 202 262 263 202 167 73 212 90 90 90 90 90 99 264 99 265 91 214 242 266 266 267 56 199 213 213 213 255 43 256 268 246 246 246 269 270 270 204 218 271 260 249 40 35 30 14 9 -9999 -9999 -9999 -9999 -9999 -9999 -9999 -9999 -9999
-9999 -9999 -9999 -9999 -9999 -9999 -9999 -9999 -9999 -9999 -9999 3 3 3 3 3 3 3 3 3 3 3 3 3 3 9 9 9 65 272 273 273 274 275 167 202 202 167 73 199 212 224 99 99 99 276 277 264 264 107 239 278 264 279 279 279 212 107 280 281 168 282 283 283 284 285 286 287 269 270 269 192 288 207 289 290 40 35 30 14 -9999 -9999 -9999 -9999 -9999 -9999 -9999 -9999 -9999 -9999
-9999 -9999 -9999 -9999 -9999 -9999 -9999 -9999 -9999 -9999 -9999 3 3 3 3 291 291 291 3 3 3 3 3 3 3 3 32 292 293 294 295 295 296 297 298 73 73 73 73 213 299 299 99 99 99 300 301 302 303 304 264 305 306 306 307 308 309 107 264 20 165 20 20 310 218 192 311 258 312 313 313 313 125 125 125 314 315 35 14 14 -9999 -9999 -9999 -9999 -9999 -9999 -9999 -9999 -9999 -9999
-9999 -9999 -9999 -9999 -9999 -9999 -9999 -9999 -9999 -9999 4 3 291 291 291 291 291 291 3 3 3 3 3 3 3 32 316 317 318 319 320 317 295 296 274 321 275 322 73 241 240 264 108 323 323 324 325 326 327 328 329 330 330 306 331 328 307 332 20 20 20 34 310 185 185 333 334 313 313 335 335 335 46 125 336 337 338 137 14 9 -9999 -9999 -9999 -9999 -9999 -9999 -9999 -9999 -9999 -9999
-9999 -9999 -9999 -9999 -9999 -9999 -9999 -9999 -9999 -9999 4 4 291 291 291 291 291 291 291 291 3 3 3 3 3 37 339 340 341 342 343 344 317 293 273 345 346 322 347 267 240 264 108 348 349 350 351 352 352 331 353 303 354 328 355 307 356 357 107 20 183 358 209 359 249 360 313 335 335 335 335 46 46 46 40 361 35 14 14 9 -9999 -9999 -9999 -9999 -9999 -9999 -9999 -9999 -9999 -9999
-9999 -9999 -9999 -9999 -9999 -9999 291 4 -9999 -9999 -9999 4 291 291 291 291 291 291 291 291 3 3 3 3 3 37 362 363 364 365 366 367 317 317 316 273 368 317 368 317 277 107 264 349 369 370 371 354 354 372 331 373 331 355 374 375 376 61 20 358 183 377 378 379 380 26 35 46 381 47 27 27 27 46 35 35 382 14 9 9 -9999 -9999 -9999 -9999 -9999 -9999 -9999 -9999 -9999 -9999
-9999 -9999 -9999 -9999 -9999 291 291 291 291 291 291 291 291 291 291 291 291 291 291 291 291 3 3 3 3 383 384 362 385 386 386 363 363 363 387 362 388 301 389 390 391 264 300 392 393 394 395 396 397 398 399 400 401 349 402 277 61 20 403 56 404 405 406 407 37 37 30 35 36 27 27 27 21 21 21 14 14 9 9 -9999 -9999 -9999 -9999 -9999 -9999 -9999 -9999 -9999 -9999 -9999
-9999 -9999 -9999 291 291 -9999 291 291 291 291 291 291 291 291 291 291 291 291 291 291 291 291 3 4 3 4 8 408 408 408 409 410 324 324 411 412 413 414 277 389 324 415 38 416 417 418 24 419 420 421 422 423 424 376 425 426 392 403 427 428 429 430 431 432 433 23 65 35 21 21 21 21 14 14 14 14 9 9 -9999 -9999 -9999 -9999 -9999 -9999 -9999 -9999 -9999 -9999 -9999 -9999
-9999 -9999 -9999 291 291 -9999 -9999 -9999 291 291 291 291 291 291 291 291 291 291 291 291 291 291 3 4 4 4 10 8 23 23 23 434 392 349 324 435 435 436 277 437 408 437 38 437 438 439 440 441 442 443 444 445 446 447 331 331 402 20 66 448 352 352 352 449 450 451 452 30 14 14 14 14 14 14 9 -9999 -9999 -9999 -9999 -9999 -9999 -9999 -9999 -9999 -9999 -9999 -9999 -9999 -9999 -9999
-9999 -9999 -9999 -9999 -9999 -9999 -9999 -9999 -9999 291 291 291 291 291 291 291 291 291 291 291 291 291 291 4 4 4 10 8 22 453 453 453 23 369 416 438 438 437 437 437 409 437 264 437 348 348 439 440 454 455 456 457 458 459 307 460 461 34 20 462 463 352 464 465 466 467 32 3 3 9 14 14 14 -9999 -9999 -9999 -9999 -9999 -9999 -9999 -9999 -9999 -9999 -9999 -9999 -9999 -9999 -9999 -9999 -9999
-9999 -9999 -9999 -9999 -9999 291 291 -9999 -9999 -9999 291 291 291 291 291 291 291 291 291 291 291 291 291 291 4 4 31 22 22 468 469 470 469 471 472 439 439 323 348 438 438 437 473 474 475 476 477 478 479 480 481 482 479 483 484 485 20 20 486 487 488 489 490 491 491 492 85 3 3 3 4 -9999 -9999 -9999 -9999 -9999 -9999 -9999 -9999 -9999 -9999 -9999 -9999 -9999 -9999 -9999 -9999 -9999 -9999 -9999
-9999 -9999 -9999 -9999 -9999 -9999 -9999 -9999 291 291 291 291 291 291 291 291 291 291 291 291 291 291 291 291 291 291 291 493 493 493 493 493 494 494 469 469 495 496 497 498 499 499 500 501 502 503 504 505 478 506 454 507 508 373 303 277 20 427 509 510 511 490 512 513 491 65 3 4 4 -9999 -9999 -9999 -9999 -9999 -9999 -9999 -9999 -9999 -9999 -9999 -9999 -9999 -9999 -9999 -9999 -9999 -9999 -9999 -9999 -9999
-9999 -9999 -9999 -9999 -9999 -9999 -9999 -9999 -9999 291 291 291 291 291 291 291 291 291 291 291 291 291 291 291 291 291 291 291 493 493 493 493 493 493 493 493 470 470 470 470 514 515 516 505 517 476 518 454 478 519 507 520 520 521 304 20 522 523 524 525 526 527 528 529 530 3 4 4 -9999 -9999 -9999 -9999 -9999 -9999 -9999 -9999 -9999 -9999 -9999 -9999 -9999 -9999 -9999 -9999 -9999 -9999 -9999 -9999 -9999 -9999
-9999 -9999 -9999 -9999 -9999 -9999 -9999 -9999 -9999 291 291 291 291 291 291 291 291 291 291 291 291 291 291 291 291 291 291 291 531 493 493 493 493 493 493 493 493 493 493 470 470 532 533 534 478 535 478 536 537 538 538 538 417 539 417 174 540 541 542 465 543 543 528 527 544 3 4 -9999 -9999 -9999 -9999 -9999 -9999 -9999 -9999 -9999 -9999 -9999 -9999 -9999 -9999 -9999 -9999 -9999 -9999 -9999 -9999 -9999 -9999 -9999
-9999 -9999 -9999 -9999 -9999 -9999 -9999 -9999 291 291 291 291 291 291 291 291 291 291 291 291 291 291 291 291 291 291 291 291 291 291 531 531 531 531 531 493 493 493 493 493 493 470 545 546 547 548 549 481 550 537 551 552 553 417 552 540 513 554 555 526 543 543 543 556 78 3 4 -9999 -9999 -9999 -9999 -9999 -9999 -9999 -9999 -9999 -9999 -9999 -9999 -9999 -9999 -9999 -9999 -9999 -9999 -9999 -9999 -9999 -9999 -9999
-9999 -9999 -9999 -9999 -9999 -9999 -9999 291 291 291 291 291 291 291 291 291 291 291 291 291 291 291 291 291 291 291 291 291 291 291 291 291 291 291 291 291 291 531 531 493 493 493 470 557 558 559 560 561 478 562 563 418 564 565 540 566 567 554 568 569 543 543 543 65 9 4 2 -9999 -9999 -9999 -9999 -9999 -9999 -9999 -9999 -9999 -9999 -9999 -9999 -9999 -9999 -9999 -9999 -9999 -9999 -9999 -9999 -9999 -9999 -9999
-9999 -9999 -9999 -9999 -9999 -9999 291 291 291 291 291 291 291 291 291 291 291 291 291 291 291 291 291 291 291 291 291 291 291 291 291 291 291 291 291 291 291 291 291 291 531 493 493 570 558 558 558 571 536 93 572 57 170 573 513 554 554 554 543 543 543 554 544 3 4 2 -9999 -9999 -9999 -9999 -9999 -9999 -9999 -9999 -9999 -9999 -9999 -9999 -9999 -9999 -9999 -9999 -9999 -9999 -9999 -9999 -9999 -9999 -9999 -9999
-9999 -9999 -9999 -9999 291 291 291 291 291 291 291 291 291 291 291 531 531 531 531 531 531 531 531 291 291 291 291 291 291 291 291 291 291 291 291 291 291 291 291 291 291 531 493 558 558 574 575 576 577 578 579 178 580 566 554 554 554 554 543 543 543 581 85 291 -9999 -9999 -9999 -9999 -9999 -9999 -9999 -9999 -9999 -9999 -9999 -9999 -9999 -9999 -9999 -9999 -9999 -9999 -9999 -9999 -9999 -9999 -9999 -9999 -9999 -9999
-9999 -9999 -9999 291 291 291 291 291 291 291 291 291 493 493 493 493 493 493 493 493 493 493 531 531 291 291 291 291 291 291 291 291 291 291 291 291 291 291 291 291 291 531 493 582 583 584 585 586 554 587 588 588 540 554 554 554 543 543 543 543 543 493 291 291 -9999 -9999 -9999 -9999 -9999 -9999 -9999 -9999 -9999 -9999 -9999 -9999 -9999 -9999 -9999 -9999 -9999 -9999 -9999 -9999 -9999 -9999 -9999 -9999 -9999 -9999
-9999 -9999 291 291 291 291 291 291 493 493 493 352 352 352 352 352 589 589 493 493 493 493 493 531 291 291 291 291 291 291 291 291 291 291 291 291 291 291 291 291 291 493 470 590 591 577 586 592 593 594 595 596 554 597 554 543 597 352 543 352 493 291 291 291 -9999 -9999 -9999 -9999 -9999 -9999 -9999 -9999 -9999 -9999 -9999 -9999 -9999 -9999 -9999 -9999 -9999 -9999 -9999 -9999 -9999 -9999 -9999 -9999 -9999 -9999
-9999 291 291 291 291 291 291 493 493 352 352 352 352 352 470 470 470 493 493 493 493 493 493 531 291 291 291 291 291 291 291 291 291 291 291 291 291 291 291 291 291 493 598 523 594 554 599 568 593 554 600 600 597 600 543 597 352 352 352 493 291 291 291 291 -9999 -9999 -9999 -9999 -9999 -9999 -9999 -9999 -9999 -9999 -9999 -9999 -9999 -9999 -9999 -9999 -9999 -9999 -9999 -9999 -9999 -9999 -9999 -9999 -9999 -9999
291 291 291 291 291 291 493 493 352 352 352 352 352 352 470 470 470 470 470 493 493 493 493 493 531 531 531 589 352 493 291 291 291 291 291 291 291 291 291 291 493 493 601 602 592 352 352 352 597 603 603 597 597 597 597 352 352 352 493 291 291 291 -9999 -9999 -9999 -9999 -9999 -9999 -9999 -9999 -9999 -9999 -9999 -9999 -9999 -9999 -9999 -9999 -9999 -9999 -9999 -9999 -9999 -9999 -9999 -9999 -9999 -9999 -9999 -9999
291 291 291 291 291 291 589 352 352 352 352 352 352 352 352 352 352 352 470 470 493 493 493 493 493 493 352 352 352 493 493 291 291 291 291 291 291 291 291 531 589 352 352 352 352 352 352 568 603 597 604 352 352 352 352 352 352 493 291 291 291 -9999 -9999 -9999 -9999 -9999 -9999 -9999 -9999 -9999 -9999 -9999 -9999 -9999 -9999 -9999 -9999 -9999 -9999 -9999 -9999 -9999 -9999 -9999 -9999 -9999 -9999 -9999 -9999 -9999
291 291 291 291 291 493 352 352 352 352 352 352 352 352 352 352 352 352 470 470 470 493 493 493 493 470 352 352 352 589 493 493 291 291 291 291 291 291 291 352 352 352 352 352 352 352 352 597 600 604 352 352 352 352 352 352 470 291 291 291 291 -9999 -9999 -9999 -9999 -9999 -9999 -9999 -9999 -9999 -9999 -9999 -9999 -9999 -9999 -9999 -9999 -9999 -9999 -9999 -9999 -9999 -9999 -9999 -9999 -9999 -9999 -9999 -9999 -9999
291 291 291 291 291 493 352 352 352 352 352 352 352 352 352 352 352 352 470 470 470 470 493 493 470 470 352 352 352 352 352 589 531 291 291 291 291 291 291 493 352 352 352 352 352 352 599 597 352 352 352 352 352 352 352 352 531 291 291 291 -9999 -9999 -9999 -9999 -9999 -9999 -9999 -9999 -9999 -9999 -9999 -9999 -9999 -9999 -9999 -9999 -9999 -9999 -9999 -9999 -9999 -9999 -9999 -9999 -9999 -9999 -9999 -9999 -9999 -9999
291 291 291 291 291 493 352 352 352 352 352 352 352 352 352 352 352 352 470 470 470 470 470 352 352 352 352 352 352 352 352 352 352 493 291 291 291 291 493 352 352 352 352 352 352 352 352 352 352 352 352 352 352 352 352 493 291 291 291 -9999 -9999 -9999 -9999 -9999 -9999 -9999 -9999 -9999 -9999 -9999 -9999 -9999 -9999 -9999 -9999 -9999 -9999 -9999 -9999 -9999 -9999 -9999 -9999 -9999 -9999 -9999 -9999 -9999 -9999 -9999
291 291 291 291 291 493 352 352 352 352 352 352 352 352 352 352 352 352 470 470 470 352 352 352 352 352 352 352 352 352 352 352 352 352 291 291 -9999 531 352 352 352 352 352 352 352 352 352 352 352 352 352 352 352 352 470 531 291 -9999 -9999 -9999 -9999 -9999 -9999 -9999 -9999 -9999 -9999 -9999 -9999 -9999 -9999 -9999 -9999 -9999 -9999 -9999 -9999 -9999 -9999 -9999 -9999 -9999 -9999 -9999 -9999 -9999 -9999 -9999 -9999 -9999
