model_scripts/mantelliABC_v6_model_I/splatche3input/oriworld_model_I.asc
NCOLS 90
NROWS 94
XLLCORNER 171.583333333333
YLLCORNER -41.6666666666667
CELLSIZE 0.0833333333333333
NODATA_value -9999
[rows 40 to 79 of 94, columns 0 to 89 of 90]
-9999 -9999 -9999 -9999 -9999 -9999 -9999 -9999 -9999 -9999 -9999 -9999 -9999 -9999 -9999 -9999 -9999 -9999 -9999 -9999 -9999 -9999 -9999 -9999 -9999 -9999 -9999 -9999 -9999 -9999 4 4 10 32 32 72 57 62 49 43 58 43 115 115 43 43 43 43 43 111 106 58 35 35 27 27 27 -9999 -9999 -9999 -9999 -9999 -9999 -9999 -9999 -9999 -9999 -9999 -9999 -9999 -9999 -9999 -9999 -9999 -9999 -9999 -9999 -9999 -9999 -9999 -9999 -9999 -9999 -9999 -9999 -9999 -9999 -9999 -9999 -9999
-9999 -9999 -9999 -9999 -9999 -9999 -9999 -9999 -9999 -9999 -9999 -9999 -9999 -9999 -9999 -9999 -9999 -9999 -9999 -9999 -9999 -9999 -9999 -9999 -9999 -9999 -9999 -9999 -9999 -9999 -9999 4 3 32 65 72 90 62 49 63 58 44 41 115 43 43 43 43 43 116 117 118 118 119 119 120 121 122 -9999 -9999 -9999 -9999 -9999 -9999 -9999 -9999 -9999 -9999 -9999 -9999 -9999 -9999 -9999 -9999 -9999 -9999 -9999 -9999 -9999 -9999 -9999 -9999 -9999 -9999 -9999 -9999 -9999 -9999 -9999 -9999
-9999 -9999 -9999 -9999 -9999 -9999 -9999 -9999 -9999 -9999 -9999 -9999 -9999 -9999 -9999 -9999 -9999 -9999 -9999 -9999 -9999 -9999 -9999 3 -9999 -9999 -9999 -9999 -9999 -9999 -9999 4 3 3 65 65 72 62 52 63 63 123 41 124 125 116 116 116 116 118 126 126 118 127 119 119 119 122 122 -9999 -9999 -9999 -9999 -9999 -9999 -9999 -9999 -9999 -9999 -9999 -9999 -9999 -9999 -9999 -9999 -9999 -9999 -9999 -9999 -9999 -9999 -9999 -9999 -9999 -9999 -9999 -9999 -9999 -9999 -9999
-9999 -9999 -9999 -9999 -9999 -9999 -9999 -9999 -9999 -9999 -9999 -9999 -9999 -9999 -9999 -9999 -9999 -9999 -9999 -9999 -9999 -9999 -9999 -9999 -9999 -9999 -9999 -9999 -9999 -9999 -9999 -9999 3 3 74 65 72 62 52 128 129 129 124 125 125 116 116 116 116 116 118 118 130 131 132 119 119 122 122 122 -9999 -9999 -9999 -9999 -9999 -9999 -9999 133 -9999 -9999 -9999 -9999 -9999 -9999 -9999 -9999 134 134 134 14 14 -9999 -9999 -9999 -9999 -9999 -9999 -9999 14 -9999
-9999 -9999 -9999 -9999 -9999 -9999 -9999 -9999 -9999 -9999 -9999 -9999 -9999 -9999 -9999 -9999 -9999 -9999 -9999 -9999 -9999 -9999 -9999 -9999 -9999 -9999 -9999 -9999 -9999 -9999 -9999 3 3 9 9 65 135 136 137 128 128 128 129 129 125 125 125 138 125 116 139 140 141 142 143 144 145 145 145 146 122 -9999 -9999 -9999 -9999 -9999 147 147 -9999 -9999 -9999 -9999 -9999 -9999 134 134 148 149 148 150 150 151 30 14 -9999 -9999 14 30 14 -9999
-9999 -9999 -9999 -9999 -9999 -9999 -9999 -9999 -9999 -9999 -9999 -9999 -9999 -9999 -9999 -9999 -9999 -9999 -9999 -9999 -9999 -9999 -9999 -9999 -9999 -9999 -9999 -9999 -9999 -9999 -9999 3 9 152 152 135 135 153 137 137 128 128 128 129 116 138 154 155 155 156 157 140 158 159 160 160 161 162 163 145 146 146 146 146 146 146 164 164 -9999 133 133 165 165 134 166 167 168 168 169 116 116 170 171 172 173 165 14 30 14 14
-9999 -9999 -9999 -9999 -9999 -9999 -9999 -9999 -9999 -9999 -9999 -9999 -9999 -9999 -9999 -9999 -9999 -9999 -9999 -9999 -9999 -9999 -9999 -9999 -9999 -9999 -9999 -9999 -9999 -9999 -9999 9 152 152 152 174 135 153 136 137 175 169 128 129 140 176 176 157 157 157 157 157 140 158 177 177 177 159 143 178 145 145 145 145 146 164 164 164 164 164 164 179 173 169 129 129 180 118 138 181 124 124 125 182 173 133 133 133 21 -9999
-9999 -9999 -9999 -9999 -9999 -9999 -9999 -9999 -9999 -9999 -9999 -9999 -9999 -9999 -9999 -9999 -9999 -9999 -9999 -9999 -9999 -9999 -9999 -9999 -9999 -9999 -9999 -9999 -9999 -9999 9 152 152 152 134 134 151 153 136 175 128 129 169 157 140 183 154 157 157 157 157 157 140 140 140 140 158 159 143 143 143 178 145 184 184 185 184 184 184 184 184 186 187 188 188 116 116 189 190 191 192 125 193 194 195 133 133 -9999 -9999 -9999
-9999 -9999 -9999 -9999 -9999 -9999 -9999 -9999 -9999 -9999 -9999 -9999 -9999 -9999 -9999 -9999 -9999 -9999 -9999 -9999 -9999 -9999 -9999 -9999 -9999 -9999 -9999 -9999 -9999 -9999 134 152 134 134 134 134 151 153 149 129 116 118 140 140 157 159 143 157 157 157 157 157 157 140 140 140 140 158 177 159 159 159 143 196 162 197 184 184 184 198 198 199 188 188 157 200 201 200 129 116 202 203 204 205 133 133 133 -9999 -9999 -9999
-9999 -9999 -9999 -9999 -9999 -9999 -9999 -9999 -9999 -9999 -9999 -9999 -9999 -9999 -9999 -9999 -9999 -9999 -9999 -9999 -9999 -9999 -9999 -9999 -9999 -9999 -9999 -9999 -9999 133 165 165 165 165 165 206 205 127 129 116 188 188 157 140 140 207 208 157 157 157 157 140 157 157 157 157 140 140 140 140 140 140 159 159 159 159 209 210 210 210 187 211 188 212 188 213 214 215 216 212 216 217 205 133 133 133 133 -9999 -9999 -9999
-9999 -9999 -9999 -9999 -9999 -9999 -9999 -9999 -9999 -9999 -9999 -9999 -9999 -9999 -9999 -9999 -9999 -9999 -9999 -9999 -9999 -9999 -9999 -9999 -9999 -9999 -9999 -9999 133 133 133 133 133 133 133 195 205 127 116 116 218 157 188 140 140 158 140 157 157 157 140 140 157 188 188 157 219 157 219 140 140 183 159 183 159 183 220 177 176 210 211 188 188 216 221 214 222 216 223 223 224 225 184 195 133 133 133 -9999 -9999 -9999
-9999 -9999 -9999 -9999 -9999 -9999 -9999 -9999 -9999 -9999 -9999 -9999 -9999 -9999 -9999 -9999 -9999 -9999 -9999 -9999 -9999 -9999 -9999 -9999 -9999 -9999 21 133 133 133 133 133 133 133 133 195 205 116 116 157 157 188 226 140 158 158 158 140 140 140 140 140 188 188 188 157 140 188 212 157 140 140 158 140 159 183 209 140 140 227 188 188 212 216 223 228 223 229 229 230 230 231 184 185 164 164 133 -9999 -9999 -9999
-9999 -9999 -9999 -9999 -9999 -9999 -9999 -9999 -9999 -9999 -9999 -9999 -9999 -9999 -9999 -9999 -9999 -9999 -9999 -9999 -9999 -9999 -9999 -9999 -9999 21 14 133 133 133 133 133 133 133 133 195 205 232 116 157 157 188 233 234 158 158 140 140 235 235 236 235 237 238 239 188 188 188 188 212 140 140 158 140 140 140 240 157 140 188 188 212 212 223 223 241 223 229 242 230 230 243 184 164 164 164 164 -9999 -9999 -9999
-9999 -9999 -9999 -9999 -9999 -9999 -9999 -9999 -9999 -9999 -9999 -9999 -9999 -9999 -9999 -9999 -9999 -9999 -9999 -9999 -9999 -9999 -9999 9 14 21 133 133 133 133 133 133 133 133 133 205 127 244 157 188 188 245 233 246 247 211 239 238 238 236 238 238 238 237 248 249 248 250 251 250 250 251 252 250 253 251 240 188 188 188 216 212 223 223 157 241 230 242 242 254 255 256 145 164 164 164 164 -9999 -9999 -9999
-9999 -9999 -9999 -9999 -9999 -9999 -9999 -9999 -9999 -9999 -9999 -9999 -9999 -9999 -9999 -9999 -9999 -9999 -9999 -9999 -9999 -9999 9 14 14 134 133 133 133 133 133 133 133 133 195 205 244 257 200 188 212 258 233 259 258 258 260 261 262 263 236 238 264 235 235 248 248 265 248 248 251 252 266 250 253 267 250 268 250 268 269 239 188 157 270 271 272 273 274 275 276 198 184 164 164 164 -9999 -9999 -9999 -9999
-9999 -9999 -9999 -9999 -9999 -9999 -9999 -9999 -9999 -9999 -9999 -9999 -9999 -9999 -9999 9 -9999 9 9 9 9 9 9 14 14 134 165 133 133 133 133 133 133 195 205 205 277 216 200 239 259 259 259 259 278 279 280 280 279 281 263 282 264 238 283 283 265 284 235 248 285 266 286 250 253 253 253 287 268 288 287 287 157 289 290 291 292 293 275 275 294 144 295 164 164 164 -9999 -9999 -9999 -9999
-9999 -9999 -9999 -9999 -9999 -9999 -9999 -9999 -9999 -9999 -9999 -9999 -9999 -9999 -9999 3 9 9 9 9 3 9 9 9 9 134 165 165 165 133 133 133 195 205 205 127 137 216 223 259 259 259 278 296 297 298 298 299 300 301 302 279 303 303 238 304 265 304 283 235 305 249 248 306 250 250 269 307 308 287 268 253 309 310 311 312 313 314 315 313 275 316 164 164 164 164 -9999 -9999 -9999 -9999
-9999 -9999 -9999 -9999 -9999 -9999 -9999 -9999 -9999 -9999 -9999 -9999 -9999 -9999 9 9 9 9 3 3 9 9 9 9 134 134 134 134 134 134 134 165 205 205 205 127 136 223 223 317 278 318 296 319 297 297 298 320 321 298 279 302 302 322 238 304 304 238 238 235 248 323 248 283 253 324 325 308 268 268 253 326 327 328 329 330 331 332 333 334 184 184 164 164 164 -9999 -9999 -9999 -9999 -9999
-9999 -9999 -9999 -9999 -9999 -9999 -9999 -9999 -9999 -9999 -9999 -9999 -9999 9 3 9 3 3 3 3 9 3 9 9 152 134 134 134 134 134 134 206 205 205 127 127 216 223 335 336 336 319 319 299 297 298 337 321 338 298 339 339 339 339 340 264 261 322 238 341 341 238 342 342 343 287 344 324 345 346 347 348 349 350 275 351 352 353 354 184 184 184 164 -9999 -9999 -9999 -9999 -9999 -9999 -9999
-9999 -9999 -9999 -9999 -9999 -9999 -9999 -9999 -9999 -9999 -9999 -9999 -9999 3 3 3 9 3 3 3 3 3 9 152 152 152 152 152 152 134 134 151 151 173 355 356 216 223 223 357 358 296 359 298 298 298 360 361 321 298 302 339 339 219 264 279 362 341 261 363 363 321 321 342 268 268 364 346 365 366 367 348 368 368 369 370 371 372 373 198 198 164 374 -9999 -9999 -9999 -9999 -9999 -9999 -9999
-9999 -9999 -9999 -9999 -9999 -9999 -9999 -9999 -9999 -9999 -9999 -9999 3 3 3 3 3 3 3 3 3 3 3 375 152 152 152 152 152 152 135 151 151 153 376 377 216 223 378 357 358 319 359 379 297 302 298 380 337 298 381 339 339 322 322 362 382 383 382 321 384 385 342 386 253 387 365 365 367 388 388 310 311 389 389 390 198 373 373 373 374 -9999 -9999 -9999 -9999 -9999 -9999 -9999 -9999 -9999
-9999 -9999 -9999 -9999 -9999 -9999 -9999 -9999 -9999 -9999 -9999 3 3 3 3 3 3 3 3 3 3 3 3 375 152 152 152 152 152 135 391 392 393 394 395 396 397 378 228 357 398 296 296 298 298 298 337 399 337 400 302 322 362 401 401 402 403 300 321 321 321 385 323 404 405 366 366 367 406 407 407 310 329 408 390 370 198 184 373 374 409 -9999 -9999 -9999 -9999 -9999 -9999 -9999 -9999 -9999
-9999 -9999 -9999 -9999 -9999 -9999 -9999 -9999 -9999 -9999 -9999 3 3 3 3 3 3 3 3 3 3 3 3 410 375 152 152 152 135 411 412 413 414 415 416 395 378 228 357 417 398 359 418 337 337 419 420 399 399 380 421 422 399 423 423 423 320 380 424 425 426 427 428 429 430 431 432 433 406 407 406 290 434 313 435 436 198 184 373 374 -9999 -9999 -9999 -9999 -9999 -9999 -9999 -9999 -9999 -9999
-9999 -9999 -9999 -9999 -9999 -9999 -9999 -9999 -9999 -9999 -9999 3 3 3 3 437 437 437 3 3 3 3 3 410 375 410 438 439 440 441 442 442 443 444 445 393 357 357 357 446 447 447 418 418 337 448 449 450 451 452 399 453 454 454 455 456 457 380 399 458 459 458 242 460 329 290 461 388 462 463 463 463 144 144 144 464 465 184 374 374 -9999 -9999 -9999 -9999 -9999 -9999 -9999 -9999 -9999 -9999
-9999 -9999 -9999 -9999 -9999 -9999 -9999 -9999 -9999 -9999 4 3 437 437 437 437 437 437 3 3 3 3 3 410 410 466 467 468 469 470 471 468 442 443 414 472 473 474 357 475 476 477 478 479 479 480 481 482 483 484 485 486 486 454 487 484 455 488 458 458 458 489 460 275 275 490 491 463 463 492 492 492 145 144 493 494 495 179 374 409 -9999 -9999 -9999 -9999 -9999 -9999 -9999 -9999 -9999 -9999
-9999 -9999 -9999 -9999 -9999 -9999 -9999 -9999 -9999 -9999 4 4 437 437 437 437 437 437 437 437 3 3 410 410 410 496 497 498 499 500 501 502 468 440 412 503 504 474 505 506 476 477 478 507 508 509 510 511 511 487 512 451 513 484 514 455 515 516 380 458 273 517 315 518 370 519 463 492 492 492 492 145 145 145 198 520 184 374 374 409 -9999 -9999 -9999 -9999 -9999 -9999 -9999 -9999 -9999 -9999
-9999 -9999 -9999 -9999 -9999 -9999 437 4 -9999 -9999 -9999 4 437 437 437 437 437 437 437 437 3 3 410 410 410 496 521 522 523 524 525 526 468 468 467 527 528 529 528 529 530 531 477 508 532 533 534 535 513 536 487 537 487 514 538 539 540 541 242 517 273 542 543 544 545 186 184 145 546 547 146 146 146 145 184 184 548 374 409 409 -9999 -9999 -9999 -9999 -9999 -9999 -9999 -9999 -9999 -9999
-9999 -9999 -9999 -9999 -9999 437 437 437 437 437 437 437 437 437 437 437 437 437 437 437 437 3 410 410 410 549 550 521 551 552 552 522 522 522 553 554 555 556 557 558 559 477 560 561 562 563 564 565 566 567 568 569 570 571 572 420 541 242 573 574 575 576 577 578 579 579 373 184 185 146 146 146 164 164 164 374 374 409 409 -9999 -9999 -9999 -9999 -9999 -9999 -9999 -9999 -9999 -9999 -9999
-9999 -9999 -9999 437 437 -9999 437 437 437 437 437 437 437 437 437 437 437 437 437 437 437 437 410 580 410 580 581 582 582 582 583 584 585 585 586 587 588 589 530 557 480 590 591 592 593 594 595 596 597 598 599 600 601 602 603 604 561 573 605 606 607 608 609 610 611 612 613 184 164 164 164 164 374 374 374 374 409 409 -9999 -9999 -9999 -9999 -9999 -9999 -9999 -9999 -9999 -9999 -9999 -9999
-9999 -9999 -9999 437 437 -9999 -9999 -9999 437 437 437 437 437 437 437 437 437 437 437 437 437 437 410 580 580 580 614 581 615 615 615 616 617 618 585 619 620 621 530 622 623 622 591 622 624 625 626 627 628 629 630 631 632 633 634 634 635 242 636 637 511 511 511 638 639 640 641 373 374 374 374 374 374 374 409 -9999 -9999 -9999 -9999 -9999 -9999 -9999 -9999 -9999 -9999 -9999 -9999 -9999 -9999 -9999
-9999 -9999 -9999 -9999 -9999 -9999 -9999 -9999 -9999 437 437 437 437 437 437 437 437 437 437 437 437 437 437 580 580 580 614 581 642 643 643 643 615 644 645 646 624 622 622 622 647 622 477 622 507 507 625 626 648 649 650 651 652 653 654 655 656 657 242 658 659 511 660 661 662 663 664 665 665 409 374 374 374 -9999 -9999 -9999 -9999 -9999 -9999 -9999 -9999 -9999 -9999 -9999 -9999 -9999 -9999 -9999 -9999 -9999
-9999 -9999 -9999 -9999 -9999 437 437 -9999 -9999 -9999 437 437 437 437 437 437 437 437 437 437 437 437 437 437 580 580 666 667 667 668 669 670 669 671 672 673 625 479 507 624 624 622 674 675 676 677 678 679 680 681 682 683 680 684 685 686 242 242 687 688 689 690 691 692 692 693 694 665 665 665 695 -9999 -9999 -9999 -9999 -9999 -9999 -9999 -9999 -9999 -9999 -9999 -9999 -9999 -9999 -9999 -9999 -9999 -9999 -9999
-9999 -9999 -9999 -9999 -9999 -9999 -9999 -9999 437 437 437 437 437 437 437 437 437 437 437 437 437 437 437 437 437 437 437 696 696 696 696 696 697 697 669 669 698 699 700 701 702 702 703 704 705 706 707 708 679 709 648 710 711 712 713 530 242 605 714 715 716 691 717 718 692 613 665 695 695 -9999 -9999 -9999 -9999 -9999 -9999 -9999 -9999 -9999 -9999 -9999 -9999 -9999 -9999 -9999 -9999 -9999 -9999 -9999 -9999 -9999
-9999 -9999 -9999 -9999 -9999 -9999 -9999 -9999 -9999 437 437 437 437 437 437 437 437 437 437 437 437 437 437 437 437 437 437 437 696 696 696 696 696 696 696 696 670 670 670 670 719 720 721 708 722 677 723 648 679 724 710 725 725 726 727 242 728 729 730 731 732 733 734 735 736 665 695 695 -9999 -9999 -9999 -9999 -9999 -9999 -9999 -9999 -9999 -9999 -9999 -9999 -9999 -9999 -9999 -9999 -9999 -9999 -9999 -9999 -9999 -9999
-9999 -9999 -9999 -9999 -9999 -9999 -9999 -9999 -9999 437 437 437 437 437 437 437 437 437 437 437 437 437 437 437 437 437 437 437 737 696 696 696 696 696 696 696 696 696 696 670 670 738 739 740 679 741 679 742 743 744 744 744 593 745 593 254 746 747 748 661 749 749 734 733 750 665 695 -9999 -9999 -9999 -9999 -9999 -9999 -9999 -9999 -9999 -9999 -9999 -9999 -9999 -9999 -9999 -9999 -9999 -9999 -9999 -9999 -9999 -9999 -9999
-9999 -9999 -9999 -9999 -9999 -9999 -9999 -9999 437 437 437 437 437 437 437 437 437 437 437 437 437 437 437 437 437 437 437 437 437 437 737 737 737 737 737 696 696 696 696 696 696 670 751 752 753 754 755 682 756 743 757 758 759 593 758 746 718 760 761 732 749 749 749 762 763 665 695 -9999 -9999 -9999 -9999 -9999 -9999 -9999 -9999 -9999 -9999 -9999 -9999 -9999 -9999 -9999 -9999 -9999 -9999 -9999 -9999 -9999 -9999 -9999
-9999 -9999 -9999 -9999 -9999 -9999 -9999 437 437 437 437 437 437 437 437 437 437 437 437 437 437 437 437 437 437 437 437 437 437 437 437 437 437 437 437 437 437 737 737 696 696 696 670 764 765 766 767 768 679 769 770 594 771 772 746 773 774 760 775 776 749 749 749 613 409 695 777 -9999 -9999 -9999 -9999 -9999 -9999 -9999 -9999 -9999 -9999 -9999 -9999 -9999 -9999 -9999 -9999 -9999 -9999 -9999 -9999 -9999 -9999 -9999
-9999 -9999 -9999 -9999 -9999 -9999 437 437 437 437 437 437 437 437 437 437 437 437 437 437 437 437 437 437 437 437 437 437 437 437 437 437 437 437 437 437 437 437 437 437 737 696 696 778 765 765 765 779 742 318 780 781 233 782 718 760 760 760 749 749 749 760 750 665 695 777 -9999 -9999 -9999 -9999 -9999 -9999 -9999 -9999 -9999 -9999 -9999 -9999 -9999 -9999 -9999 -9999 -9999 -9999 -9999 -9999 -9999 -9999 -9999 -9999
-9999 -9999 -9999 -9999 437 437 437 437 437 437 437 437 437 437 437 737 737 737 737 737 737 737 737 437 437 437 437 437 437 437 437 437 437 437 437 437 437 437 437 437 437 737 696 765 765 783 784 785 786 787 788 789 790 773 760 760 760 760 749 749 749 791 694 437 -9999 -9999 -9999 -9999 -9999 -9999 -9999 -9999 -9999 -9999 -9999 -9999 -9999 -9999 -9999 -9999 -9999 -9999 -9999 -9999 -9999 -9999 -9999 -9999 -9999 -9999
-9999 -9999 -9999 437 437 437 437 437 437 437 437 437 696 696 696 696 696 696 696 696 696 696 737 737 437 437 437 437 437 437 437 437 437 437 437 437 437 437 437 437 437 737 696 792 793 794 795 796 760 797 798 798 746 760 760 760 749 749 749 749 749 696 437 437 -9999 -9999 -9999 -9999 -9999 -9999 -9999 -9999 -9999 -9999 -9999 -9999 -9999 -9999 -9999 -9999 -9999 -9999 -9999 -9999 -9999 -9999 -9999 -9999 -9999 -9999
