model_scripts/mantelliABC_v6_model_yK/splatche3input/oriworld_model_yK.asc
NCOLS 90
NROWS 94
XLLCORNER 171.583333333333
YLLCORNER -41.6666666666667
CELLSIZE 0.0833333333333333
NODATA_value -9999
[rows 40 to 79 of 94, columns 0 to 89 of 90]
-9999 -9999 -9999 -9999 -9999 -9999 -9999 -9999 -9999 -9999 -9999 -9999 -9999 -9999 -9999 -9999 -9999 -9999 -9999 -9999 -9999 -9999 -9999 -9999 -9999 -9999 -9999 -9999 -9999 -9999 4 4 10 34 34 85 63 146 52 46 94 77 147 147 77 77 46 46 46 141 148 106 37 37 29 29 29 -9999 -9999 -9999 -9999 -9999 -9999 -9999 -9999 -9999 -9999 -9999 -9999 -9999 -9999 -9999 -9999 -9999 -9999 -9999 -9999 -9999 -9999 -9999 -9999 -9999 -9999 -9999 -9999 -9999 -9999 -9999 -9999 -9999
-9999 -9999 -9999 -9999 -9999 -9999 -9999 -9999 -9999 -9999 -9999 -9999 -9999 -9999 -9999 -9999 -9999 -9999 -9999 -9999 -9999 -9999 -9999 -9999 -9999 -9999 -9999 -9999 -9999 -9999 -9999 4 3 34 73 85 114 146 52 123 94 149 150 151 46 46 46 46 46 152 153 154 154 155 155 156 157 158 -9999 -9999 -9999 -9999 -9999 -9999 -9999 -9999 -9999 -9999 -9999 -9999 -9999 -9999 -9999 -9999 -9999 -9999 -9999 -9999 -9999 -9999 -9999 -9999 -9999 -9999 -9999 -9999 -9999 -9999 -9999 -9999
-9999 -9999 -9999 -9999 -9999 -9999 -9999 -9999 -9999 -9999 -9999 -9999 -9999 -9999 -9999 -9999 -9999 -9999 -9999 -9999 -9999 -9999 -9999 3 -9999 -9999 -9999 -9999 -9999 -9999 -9999 4 3 3 73 73 85 146 96 76 76 159 43 160 161 152 162 162 162 163 164 165 154 166 155 155 155 158 158 -9999 -9999 -9999 -9999 -9999 -9999 -9999 -9999 -9999 -9999 -9999 -9999 -9999 -9999 -9999 -9999 -9999 -9999 -9999 -9999 -9999 -9999 -9999 -9999 -9999 -9999 -9999 -9999 -9999 -9999 -9999
-9999 -9999 -9999 -9999 -9999 -9999 -9999 -9999 -9999 -9999 -9999 -9999 -9999 -9999 -9999 -9999 -9999 -9999 -9999 -9999 -9999 -9999 -9999 -9999 -9999 -9999 -9999 -9999 -9999 -9999 -9999 -9999 3 3 88 73 85 81 96 167 168 169 160 170 161 152 152 162 162 171 172 163 173 174 175 155 155 158 158 158 -9999 -9999 -9999 -9999 -9999 -9999 -9999 176 -9999 -9999 -9999 -9999 -9999 -9999 -9999 -9999 177 177 177 14 14 -9999 -9999 -9999 -9999 -9999 -9999 -9999 14 -9999
-9999 -9999 -9999 -9999 -9999 -9999 -9999 -9999 -9999 -9999 -9999 -9999 -9999 -9999 -9999 -9999 -9999 -9999 -9999 -9999 -9999 -9999 -9999 -9999 -9999 -9999 -9999 -9999 -9999 -9999 -9999 3 3 9 9 73 178 179 180 167 167 181 169 169 170 170 170 182 170 162 183 184 185 186 187 188 189 189 189 190 158 -9999 -9999 -9999 -9999 -9999 191 191 -9999 -9999 -9999 -9999 -9999 -9999 177 177 192 193 192 194 194 195 32 14 -9999 -9999 14 32 14 -9999
-9999 -9999 -9999 -9999 -9999 -9999 -9999 -9999 -9999 -9999 -9999 -9999 -9999 -9999 -9999 -9999 -9999 -9999 -9999 -9999 -9999 -9999 -9999 -9999 -9999 -9999 -9999 -9999 -9999 -9999 -9999 3 9 196 196 178 178 197 180 180 167 167 167 169 162 182 198 199 199 200 201 184 202 203 204 204 205 206 207 189 190 190 190 190 190 190 208 208 -9999 176 176 209 209 177 210 211 212 212 213 152 152 214 215 216 217 209 14 32 14 14
-9999 -9999 -9999 -9999 -9999 -9999 -9999 -9999 -9999 -9999 -9999 -9999 -9999 -9999 -9999 -9999 -9999 -9999 -9999 -9999 -9999 -9999 -9999 -9999 -9999 -9999 -9999 -9999 -9999 -9999 -9999 9 196 196 196 218 178 197 179 180 219 213 181 169 220 221 221 222 222 222 222 223 184 224 225 225 225 203 187 226 189 189 189 189 190 208 208 208 208 208 208 227 217 228 229 229 230 163 231 232 233 160 170 234 217 176 176 176 21 -9999
-9999 -9999 -9999 -9999 -9999 -9999 -9999 -9999 -9999 -9999 -9999 -9999 -9999 -9999 -9999 -9999 -9999 -9999 -9999 -9999 -9999 -9999 -9999 -9999 -9999 -9999 -9999 -9999 -9999 -9999 9 196 196 196 177 177 195 197 179 219 167 168 228 222 220 235 198 201 222 222 222 201 184 236 220 184 224 203 187 187 187 226 189 237 237 238 237 237 237 237 237 239 240 241 241 242 242 243 244 245 246 170 247 248 249 176 176 -9999 -9999 -9999
-9999 -9999 -9999 -9999 -9999 -9999 -9999 -9999 -9999 -9999 -9999 -9999 -9999 -9999 -9999 -9999 -9999 -9999 -9999 -9999 -9999 -9999 -9999 -9999 -9999 -9999 -9999 -9999 -9999 -9999 177 196 177 177 177 177 195 197 193 168 152 163 236 220 222 203 187 222 222 222 222 201 223 184 184 184 236 250 225 203 203 251 187 252 206 253 237 237 237 254 254 255 241 241 223 256 257 258 168 152 259 260 261 262 176 176 176 -9999 -9999 -9999
-9999 -9999 -9999 -9999 -9999 -9999 -9999 -9999 -9999 -9999 -9999 -9999 -9999 -9999 -9999 -9999 -9999 -9999 -9999 -9999 -9999 -9999 -9999 -9999 -9999 -9999 -9999 -9999 -9999 176 209 209 209 209 209 263 262 166 168 152 264 264 201 220 220 265 266 222 222 222 222 236 223 223 223 223 184 236 236 236 236 236 203 203 203 203 267 268 268 268 240 269 241 270 241 271 272 273 274 275 274 276 262 176 176 176 176 -9999 -9999 -9999
-9999 -9999 -9999 -9999 -9999 -9999 -9999 -9999 -9999 -9999 -9999 -9999 -9999 -9999 -9999 -9999 -9999 -9999 -9999 -9999 -9999 -9999 -9999 -9999 -9999 -9999 -9999 -9999 176 176 176 176 176 176 176 249 262 166 152 152 277 201 264 220 220 224 220 201 222 222 220 236 201 264 264 222 278 201 278 236 236 235 203 279 251 235 280 225 221 281 269 241 241 282 283 272 284 274 285 285 286 287 237 249 176 176 176 -9999 -9999 -9999
-9999 -9999 -9999 -9999 -9999 -9999 -9999 -9999 -9999 -9999 -9999 -9999 -9999 -9999 -9999 -9999 -9999 -9999 -9999 -9999 -9999 -9999 -9999 -9999 -9999 -9999 21 176 176 176 176 176 176 176 176 249 262 152 152 201 201 264 288 220 224 224 224 220 220 220 220 220 264 264 264 222 220 264 275 201 220 220 224 184 251 279 289 184 184 290 241 241 270 282 291 292 285 293 293 294 294 295 237 238 208 208 176 -9999 -9999 -9999
-9999 -9999 -9999 -9999 -9999 -9999 -9999 -9999 -9999 -9999 -9999 -9999 -9999 -9999 -9999 -9999 -9999 -9999 -9999 -9999 -9999 -9999 -9999 -9999 -9999 21 14 176 176 176 176 176 176 176 176 249 262 296 152 201 201 264 297 298 224 224 220 220 299 299 300 299 301 302 303 304 304 264 264 275 236 236 224 184 184 184 305 223 184 241 241 270 270 291 285 306 285 293 307 294 294 308 237 208 208 208 208 -9999 -9999 -9999
-9999 -9999 -9999 -9999 -9999 -9999 -9999 -9999 -9999 -9999 -9999 -9999 -9999 -9999 -9999 -9999 -9999 -9999 -9999 -9999 -9999 -9999 -9999 9 14 21 176 176 176 176 176 176 176 176 176 262 166 309 201 264 264 310 311 312 313 314 303 302 302 300 315 315 315 301 316 317 316 318 319 318 318 319 320 321 322 323 324 241 241 241 282 275 291 285 201 306 294 307 307 325 326 327 189 208 208 208 208 -9999 -9999 -9999
-9999 -9999 -9999 -9999 -9999 -9999 -9999 -9999 -9999 -9999 -9999 -9999 -9999 -9999 -9999 -9999 -9999 -9999 -9999 -9999 -9999 -9999 9 14 14 177 176 176 176 176 176 176 176 176 249 262 309 328 258 264 275 329 311 330 331 331 332 333 334 335 300 315 336 299 299 316 337 338 316 316 319 320 339 321 322 340 321 341 321 341 342 303 264 201 343 344 345 346 347 348 349 254 237 208 208 208 -9999 -9999 -9999 -9999
-9999 -9999 -9999 -9999 -9999 -9999 -9999 -9999 -9999 -9999 -9999 -9999 -9999 -9999 -9999 9 -9999 9 9 9 9 9 9 14 14 177 209 176 176 176 176 176 176 249 262 262 350 274 258 303 330 351 330 330 352 353 354 354 353 355 335 356 336 315 357 358 338 359 299 316 360 339 361 321 322 322 322 362 341 363 364 364 201 365 366 367 368 369 348 370 371 188 372 208 208 208 -9999 -9999 -9999 -9999
-9999 -9999 -9999 -9999 -9999 -9999 -9999 -9999 -9999 -9999 -9999 -9999 -9999 -9999 -9999 3 9 9 9 9 3 9 9 9 9 177 209 209 209 176 176 176 249 262 262 166 180 274 285 330 330 330 352 373 374 375 375 376 377 378 379 353 380 380 315 381 338 381 358 299 382 383 384 385 321 321 386 387 388 364 389 390 391 392 393 394 395 396 397 398 370 399 208 208 208 208 -9999 -9999 -9999 -9999
-9999 -9999 -9999 -9999 -9999 -9999 -9999 -9999 -9999 -9999 -9999 -9999 -9999 -9999 9 9 9 9 3 3 9 9 9 9 177 177 177 177 177 177 177 209 262 262 262 166 179 285 291 400 352 401 402 403 374 374 375 404 405 406 407 379 379 408 315 381 381 315 315 299 337 409 384 410 322 411 412 388 341 341 390 413 414 415 416 417 418 419 420 421 237 237 208 208 208 -9999 -9999 -9999 -9999 -9999
-9999 -9999 -9999 -9999 -9999 -9999 -9999 -9999 -9999 -9999 -9999 -9999 -9999 9 3 9 3 3 3 3 9 3 9 9 196 177 177 177 177 177 177 263 262 262 166 166 282 291 422 423 423 424 403 376 374 375 425 405 426 406 427 427 427 427 428 336 429 408 315 430 431 432 433 433 434 362 435 411 436 437 438 439 440 441 348 442 443 444 445 237 237 237 208 -9999 -9999 -9999 -9999 -9999 -9999 -9999
-9999 -9999 -9999 -9999 -9999 -9999 -9999 -9999 -9999 -9999 -9999 -9999 -9999 3 3 3 9 3 3 3 3 3 9 196 196 196 196 196 196 177 177 195 195 217 446 447 282 291 291 448 449 373 450 375 375 375 451 452 405 406 379 427 427 278 336 407 453 430 429 454 455 456 456 433 341 341 457 437 458 459 460 439 461 461 462 463 464 465 466 254 254 208 467 -9999 -9999 -9999 -9999 -9999 -9999 -9999
-9999 -9999 -9999 -9999 -9999 -9999 -9999 -9999 -9999 -9999 -9999 -9999 3 3 3 3 3 3 3 3 3 3 3 468 196 196 196 196 196 196 178 195 195 197 469 470 282 291 471 448 472 403 450 473 374 474 375 475 425 406 476 427 427 408 408 453 477 478 477 456 479 480 433 481 322 482 458 458 483 484 484 392 393 485 485 486 254 466 466 466 467 -9999 -9999 -9999 -9999 -9999 -9999 -9999 -9999 -9999
-9999 -9999 -9999 -9999 -9999 -9999 -9999 -9999 -9999 -9999 -9999 3 3 3 3 3 3 3 3 3 3 3 3 468 196 196 196 196 196 178 487 488 489 490 491 492 493 471 292 448 494 373 373 375 375 375 495 496 425 497 379 408 453 498 499 500 501 502 456 456 456 480 409 503 504 459 459 460 505 506 506 392 416 507 508 509 254 237 466 467 510 -9999 -9999 -9999 -9999 -9999 -9999 -9999 -9999 -9999
-9999 -9999 -9999 -9999 -9999 -9999 -9999 -9999 -9999 -9999 -9999 3 3 3 3 3 3 3 3 3 3 3 3 511 468 196 196 196 178 512 513 514 515 516 517 518 471 519 520 521 522 523 524 495 495 525 526 496 527 528 529 530 496 531 531 531 404 528 532 533 534 535 536 537 538 539 540 541 505 506 505 542 543 395 544 545 254 237 466 467 -9999 -9999 -9999 -9999 -9999 -9999 -9999 -9999 -9999 -9999
-9999 -9999 -9999 -9999 -9999 -9999 -9999 -9999 -9999 -9999 -9999 3 3 3 3 546 546 546 3 3 3 3 3 511 468 511 547 548 549 550 551 551 552 553 554 555 448 520 520 556 557 557 524 524 495 558 559 560 561 562 563 564 565 565 566 567 568 475 496 569 570 571 307 572 573 542 574 484 575 576 576 576 188 188 188 577 578 237 467 467 -9999 -9999 -9999 -9999 -9999 -9999 -9999 -9999 -9999 -9999
-9999 -9999 -9999 -9999 -9999 -9999 -9999 -9999 -9999 -9999 4 3 546 546 546 546 546 546 3 3 3 3 3 511 511 579 580 581 582 583 584 581 551 552 515 585 586 587 448 588 589 590 591 592 592 593 594 595 596 597 598 599 599 565 600 601 566 602 569 571 571 603 572 370 370 604 605 576 576 606 606 606 189 188 607 608 609 227 467 510 -9999 -9999 -9999 -9999 -9999 -9999 -9999 -9999 -9999 -9999
-9999 -9999 -9999 -9999 -9999 -9999 -9999 -9999 -9999 -9999 4 4 546 546 546 546 546 546 546 546 3 3 511 511 511 610 611 612 613 614 615 616 581 549 513 617 618 587 619 620 589 590 591 621 622 623 624 625 625 626 627 628 629 601 630 566 631 632 528 571 346 633 634 635 463 636 576 606 606 606 606 189 189 189 254 637 237 467 467 510 -9999 -9999 -9999 -9999 -9999 -9999 -9999 -9999 -9999 -9999
-9999 -9999 -9999 -9999 -9999 -9999 546 4 -9999 -9999 -9999 4 546 546 546 546 546 546 546 546 3 3 511 511 511 610 638 639 640 641 642 643 581 581 580 644 645 646 645 646 647 648 590 622 649 650 651 652 653 654 626 655 600 630 656 657 658 659 307 660 661 662 663 664 665 239 237 189 666 667 190 190 190 189 237 237 668 467 510 510 -9999 -9999 -9999 -9999 -9999 -9999 -9999 -9999 -9999 -9999
-9999 -9999 -9999 -9999 -9999 546 546 546 546 546 546 546 546 546 546 546 546 546 546 546 546 3 511 511 511 669 670 671 672 673 673 639 639 639 674 675 676 677 678 679 680 590 681 682 683 684 685 686 687 688 689 690 691 692 693 694 695 696 697 698 699 700 701 702 703 703 466 237 238 190 190 190 208 208 208 467 467 510 510 -9999 -9999 -9999 -9999 -9999 -9999 -9999 -9999 -9999 -9999 -9999
-9999 -9999 -9999 546 546 -9999 546 546 546 546 546 546 546 546 546 546 546 546 546 546 546 546 511 704 511 704 705 706 706 706 707 708 709 709 710 711 712 713 714 715 716 717 718 719 720 721 722 723 724 725 726 727 728 729 730 731 732 697 733 734 735 736 737 738 739 740 741 237 208 208 208 208 467 467 467 467 510 510 -9999 -9999 -9999 -9999 -9999 -9999 -9999 -9999 -9999 -9999 -9999 -9999
-9999 -9999 -9999 546 546 -9999 -9999 -9999 546 546 546 546 546 546 546 546 546 546 546 546 546 546 511 704 704 704 742 705 743 743 743 744 745 746 709 747 748 749 647 750 751 750 718 750 752 753 754 755 756 757 758 759 760 761 762 762 763 696 764 765 625 625 625 766 767 768 769 466 467 467 467 467 467 467 510 -9999 -9999 -9999 -9999 -9999 -9999 -9999 -9999 -9999 -9999 -9999 -9999 -9999 -9999 -9999
-9999 -9999 -9999 -9999 -9999 -9999 -9999 -9999 -9999 546 546 546 546 546 546 546 546 546 546 546 546 546 546 704 704 704 742 705 770 771 771 771 743 772 773 774 752 775 750 750 776 750 590 750 621 621 753 754 777 778 779 780 781 782 783 784 785 786 696 787 788 625 789 790 791 792 793 794 794 510 467 467 467 -9999 -9999 -9999 -9999 -9999 -9999 -9999 -9999 -9999 -9999 -9999 -9999 -9999 -9999 -9999 -9999 -9999
-9999 -9999 -9999 -9999 -9999 546 546 -9999 -9999 -9999 546 546 546 546 546 546 546 546 546 546 546 546 546 546 704 704 795 796 796 797 798 799 798 800 801 802 803 804 621 752 752 775 805 806 807 808 809 810 811 812 813 814 811 815 816 817 696 696 818 819 820 821 822 823 823 824 825 794 794 794 826 -9999 -9999 -9999 -9999 -9999 -9999 -9999 -9999 -9999 -9999 -9999 -9999 -9999 -9999 -9999 -9999 -9999 -9999 -9999
-9999 -9999 -9999 -9999 -9999 -9999 -9999 -9999 546 546 546 546 546 546 546 546 546 546 546 546 546 546 546 546 546 546 546 827 827 827 827 827 828 828 798 798 829 830 831 832 833 833 834 835 836 837 838 839 810 840 777 841 842 843 844 714 307 733 845 846 847 822 848 849 823 741 794 826 826 -9999 -9999 -9999 -9999 -9999 -9999 -9999 -9999 -9999 -9999 -9999 -9999 -9999 -9999 -9999 -9999 -9999 -9999 -9999 -9999 -9999
-9999 -9999 -9999 -9999 -9999 -9999 -9999 -9999 -9999 546 546 546 546 546 546 546 546 546 546 546 546 546 546 546 546 546 546 546 827 827 827 827 827 827 827 827 799 799 799 799 850 851 852 839 853 808 854 777 810 855 841 856 856 857 858 307 859 860 861 862 863 864 865 866 867 794 826 826 -9999 -9999 -9999 -9999 -9999 -9999 -9999 -9999 -9999 -9999 -9999 -9999 -9999 -9999 -9999 -9999 -9999 -9999 -9999 -9999 -9999 -9999
-9999 -9999 -9999 -9999 -9999 -9999 -9999 -9999 -9999 546 546 546 546 546 546 546 546 546 546 546 546 546 546 546 546 546 546 546 868 827 827 827 827 827 827 827 827 827 827 799 799 869 870 871 810 872 810 873 874 875 875 875 720 876 720 325 877 878 879 790 880 880 865 864 881 794 826 -9999 -9999 -9999 -9999 -9999 -9999 -9999 -9999 -9999 -9999 -9999 -9999 -9999 -9999 -9999 -9999 -9999 -9999 -9999 -9999 -9999 -9999 -9999
-9999 -9999 -9999 -9999 -9999 -9999 -9999 -9999 546 546 546 546 546 546 546 546 546 546 546 546 546 546 546 546 546 546 546 546 546 546 868 868 868 868 868 827 827 827 827 827 827 799 882 883 884 885 886 813 887 874 888 889 890 720 889 877 849 891 892 863 880 880 880 893 894 794 826 -9999 -9999 -9999 -9999 -9999 -9999 -9999 -9999 -9999 -9999 -9999 -9999 -9999 -9999 -9999 -9999 -9999 -9999 -9999 -9999 -9999 -9999 -9999
-9999 -9999 -9999 -9999 -9999 -9999 -9999 546 546 546 546 546 546 546 546 546 546 546 546 546 546 546 546 546 546 546 546 546 546 546 546 546 546 546 546 546 546 868 868 827 827 827 799 895 896 897 898 899 810 900 901 721 902 903 877 904 905 891 906 907 880 880 880 741 510 826 908 -9999 -9999 -9999 -9999 -9999 -9999 -9999 -9999 -9999 -9999 -9999 -9999 -9999 -9999 -9999 -9999 -9999 -9999 -9999 -9999 -9999 -9999 -9999
-9999 -9999 -9999 -9999 -9999 -9999 546 546 546 546 546 546 546 546 546 546 546 546 546 546 546 546 546 546 546 546 546 546 546 546 546 546 546 546 546 546 546 546 546 546 868 827 827 909 910 910 896 911 873 912 913 914 297 915 849 891 891 891 880 880 880 891 881 794 826 908 -9999 -9999 -9999 -9999 -9999 -9999 -9999 -9999 -9999 -9999 -9999 -9999 -9999 -9999 -9999 -9999 -9999 -9999 -9999 -9999 -9999 -9999 -9999 -9999
-9999 -9999 -9999 -9999 546 546 546 546 546 546 546 546 546 546 546 868 868 868 868 868 868 868 868 546 546 546 546 546 546 546 546 546 546 546 546 546 546 546 546 546 546 868 827 910 910 916 917 918 919 920 921 922 923 904 891 891 891 891 880 880 880 924 825 546 -9999 -9999 -9999 -9999 -9999 -9999 -9999 -9999 -9999 -9999 -9999 -9999 -9999 -9999 -9999 -9999 -9999 -9999 -9999 -9999 -9999 -9999 -9999 -9999 -9999 -9999
-9999 -9999 -9999 546 546 546 546 546 546 546 546 546 827 827 827 827 827 827 827 827 827 827 868 868 546 546 546 546 546 546 546 546 546 546 546 546 546 546 546 546 546 868 827 925 926 927 928 929 891 930 931 931 877 891 891 891 880 880 880 880 880 827 546 546 -9999 -9999 -9999 -9999 -9999 -9999 -9999 -9999 -9999 -9999 -9999 -9999 -9999 -9999 -9999 -9999 -9999 -9999 -9999 -9999 -9999 -9999 -9999 -9999 -9999 -9999
