model_scripts/mantelliABC_v6_model_yP/splatche3input/oriworld_model_yP.asc
NCOLS 90
NROWS 94
XLLCORNER 171.583333333333
YLLCORNER -41.6666666666667
CELLSIZE 0.0833333333333333
NODATA_value -9999
[rows 43 to 85 of 94, columns 0 to 89 of 90]
-9999 -9999 -9999 -9999 -9999 -9999 -9999 -9999 -9999 -9999 -9999 -9999 -9999 -9999 -9999 -9999 -9999 -9999 -9999 -9999 -9999 -9999 -9999 -9999 -9999 -9999 -9999 -9999 -9999 -9999 -9999 -9999 3 3 88 73 85 81 96 76 76 123 154 151 147 77 77 46 46 155 65 94 156 157 158 49 49 29 29 29 -9999 -9999 -9999 -9999 -9999 -9999 -9999 21 -9999 -9999 -9999 -9999 -9999 -9999 -9999 -9999 14 14 14 14 14 -9999 -9999 -9999 -9999 -9999 -9999 -9999 14 -9999
-9999 -9999 -9999 -9999 -9999 -9999 -9999 -9999 -9999 -9999 -9999 -9999 -9999 -9999 -9999 -9999 -9999 -9999 -9999 -9999 -9999 -9999 -9999 -9999 -9999 -9999 -9999 -9999 -9999 -9999 -9999 3 3 9 9 73 73 81 96 76 76 123 123 123 151 151 151 47 151 46 159 65 160 161 48 162 49 49 49 29 29 -9999 -9999 -9999 -9999 -9999 104 104 -9999 -9999 -9999 -9999 -9999 -9999 14 14 163 64 163 164 164 32 32 14 -9999 -9999 14 32 14 -9999
-9999 -9999 -9999 -9999 -9999 -9999 -9999 -9999 -9999 -9999 -9999 -9999 -9999 -9999 -9999 -9999 -9999 -9999 -9999 -9999 -9999 -9999 -9999 -9999 -9999 -9999 -9999 -9999 -9999 -9999 -9999 3 9 9 9 73 73 28 96 96 76 76 76 123 46 47 47 165 165 151 77 65 97 166 167 167 158 168 169 49 29 29 29 29 29 29 21 21 -9999 21 21 14 14 14 170 171 172 172 103 77 77 173 174 175 32 14 14 32 14 14
-9999 -9999 -9999 -9999 -9999 -9999 -9999 -9999 -9999 -9999 -9999 -9999 -9999 -9999 -9999 -9999 -9999 -9999 -9999 -9999 -9999 -9999 -9999 -9999 -9999 -9999 -9999 -9999 -9999 -9999 -9999 9 9 9 9 88 73 28 81 96 102 103 123 123 106 43 43 46 46 46 46 58 65 135 136 136 136 166 48 176 49 49 49 49 29 21 21 21 21 21 21 177 32 105 71 71 178 94 149 150 179 154 151 180 32 21 21 21 21 -9999
-9999 -9999 -9999 -9999 -9999 -9999 -9999 -9999 -9999 -9999 -9999 -9999 -9999 -9999 -9999 -9999 -9999 -9999 -9999 -9999 -9999 -9999 -9999 -9999 -9999 -9999 -9999 -9999 -9999 -9999 9 9 9 9 14 14 32 28 81 102 76 76 105 46 106 181 47 77 46 46 46 77 65 94 106 65 135 166 48 48 48 176 49 37 37 38 37 37 37 37 37 28 182 71 71 58 58 183 184 185 186 151 187 188 38 21 21 -9999 -9999 -9999
-9999 -9999 -9999 -9999 -9999 -9999 -9999 -9999 -9999 -9999 -9999 -9999 -9999 -9999 -9999 -9999 -9999 -9999 -9999 -9999 -9999 -9999 -9999 -9999 -9999 -9999 -9999 -9999 -9999 -9999 14 9 14 14 14 14 32 28 64 76 77 94 94 106 46 166 48 46 46 46 46 77 58 65 65 65 94 60 136 166 166 189 48 190 168 191 37 37 37 42 42 173 71 71 58 192 193 194 76 77 195 196 197 37 21 21 21 -9999 -9999 -9999
-9999 -9999 -9999 -9999 -9999 -9999 -9999 -9999 -9999 -9999 -9999 -9999 -9999 -9999 -9999 -9999 -9999 -9999 -9999 -9999 -9999 -9999 -9999 -9999 -9999 -9999 -9999 -9999 -9999 21 14 14 14 14 14 177 37 42 76 77 76 76 77 106 106 198 199 46 46 46 46 94 58 58 58 58 65 94 94 94 94 94 166 166 166 166 200 154 154 154 182 201 71 83 71 202 203 204 205 64 205 206 37 21 21 21 21 -9999 -9999 -9999
-9999 -9999 -9999 -9999 -9999 -9999 -9999 -9999 -9999 -9999 -9999 -9999 -9999 -9999 -9999 -9999 -9999 -9999 -9999 -9999 -9999 -9999 -9999 -9999 -9999 -9999 -9999 -9999 21 21 21 21 21 21 21 38 37 42 77 77 207 77 76 106 106 135 106 77 46 46 106 94 77 76 76 46 208 77 208 94 94 181 166 209 189 181 210 136 43 179 201 71 71 211 212 203 213 205 214 214 215 216 37 38 21 21 21 -9999 -9999 -9999
-9999 -9999 -9999 -9999 -9999 -9999 -9999 -9999 -9999 -9999 -9999 -9999 -9999 -9999 -9999 -9999 -9999 -9999 -9999 -9999 -9999 -9999 -9999 -9999 -9999 -9999 21 21 21 21 21 21 21 21 21 38 37 77 77 77 77 76 217 106 135 135 135 106 106 106 106 106 76 76 76 46 106 76 64 77 106 106 135 65 189 209 218 65 65 219 71 71 83 211 80 220 214 221 221 222 222 223 37 38 21 21 21 -9999 -9999 -9999
-9999 -9999 -9999 -9999 -9999 -9999 -9999 -9999 -9999 -9999 -9999 -9999 -9999 -9999 -9999 -9999 -9999 -9999 -9999 -9999 -9999 -9999 -9999 -9999 -9999 21 14 21 21 21 21 21 21 21 21 38 37 207 77 77 77 76 224 225 135 135 106 106 105 105 109 105 226 96 96 123 123 76 76 64 94 94 135 65 65 65 185 58 65 71 71 83 83 80 214 81 214 221 20 222 222 227 37 21 21 21 21 -9999 -9999 -9999
-9999 -9999 -9999 -9999 -9999 -9999 -9999 -9999 -9999 -9999 -9999 -9999 -9999 -9999 -9999 -9999 -9999 -9999 -9999 -9999 -9999 -9999 -9999 9 14 21 21 21 21 21 21 21 21 21 21 37 42 217 77 76 76 102 228 229 109 105 96 96 96 109 57 57 57 226 123 106 123 123 106 123 123 106 166 71 58 65 142 71 71 71 211 64 80 214 77 81 222 20 20 230 231 232 49 21 21 21 21 -9999 -9999 -9999
-9999 -9999 -9999 -9999 -9999 -9999 -9999 -9999 -9999 -9999 -9999 -9999 -9999 -9999 -9999 -9999 -9999 -9999 -9999 -9999 -9999 -9999 9 14 14 14 21 21 21 21 21 21 21 21 38 37 217 64 194 76 64 118 228 233 234 234 235 122 111 236 109 57 237 105 105 123 76 43 123 123 106 166 238 71 58 142 71 211 71 211 239 96 76 77 240 241 242 243 244 245 246 42 37 21 21 21 -9999 -9999 -9999 -9999
-9999 -9999 -9999 -9999 -9999 -9999 -9999 -9999 -9999 -9999 -9999 -9999 -9999 -9999 -9999 9 -9999 9 9 9 9 9 9 14 14 14 14 21 21 21 21 21 21 38 37 37 247 205 194 96 233 111 233 233 248 249 250 250 249 251 236 163 237 57 64 52 43 136 105 123 181 238 252 71 58 58 58 80 211 64 214 214 77 253 254 255 256 257 245 258 259 162 260 21 21 21 -9999 -9999 -9999 -9999
-9999 -9999 -9999 -9999 -9999 -9999 -9999 -9999 -9999 -9999 -9999 -9999 -9999 -9999 -9999 3 9 9 9 9 3 9 9 9 9 14 14 14 14 21 21 21 38 37 37 42 96 205 214 233 233 233 248 261 262 261 261 263 264 265 115 249 266 266 57 182 43 182 52 105 267 65 71 70 71 71 268 269 270 214 205 77 271 272 273 274 275 276 277 278 258 279 21 21 21 21 -9999 -9999 -9999 -9999
-9999 -9999 -9999 -9999 -9999 -9999 -9999 -9999 -9999 -9999 -9999 -9999 -9999 -9999 9 9 9 9 3 3 9 9 9 9 14 14 14 14 14 14 14 14 37 37 37 42 81 214 80 280 248 281 282 263 262 262 261 283 284 114 101 115 115 285 57 182 182 57 57 105 76 58 71 83 58 286 287 270 211 211 77 288 271 289 290 291 292 293 294 295 37 37 21 21 21 -9999 -9999 -9999 -9999 -9999
-9999 -9999 -9999 -9999 -9999 -9999 -9999 -9999 -9999 -9999 -9999 -9999 -9999 9 3 9 3 3 3 3 9 3 9 9 9 14 14 14 14 14 14 177 37 37 42 42 211 80 93 90 90 296 263 263 262 261 297 284 298 114 299 299 299 299 300 237 301 285 57 146 70 87 80 80 302 80 303 286 304 305 306 307 308 309 245 310 311 312 313 37 37 37 21 -9999 -9999 -9999 -9999 -9999 -9999 -9999
-9999 -9999 -9999 -9999 -9999 -9999 -9999 -9999 -9999 -9999 -9999 -9999 -9999 3 3 3 9 3 3 3 3 3 9 9 9 9 9 9 9 14 14 32 32 32 28 205 211 80 80 86 314 261 298 261 261 261 315 316 284 114 115 299 299 208 237 101 317 146 301 318 319 320 320 80 211 211 321 305 322 323 324 307 325 325 326 327 328 329 32 42 42 21 14 -9999 -9999 -9999 -9999 -9999 -9999 -9999
-9999 -9999 -9999 -9999 -9999 -9999 -9999 -9999 -9999 -9999 -9999 -9999 3 3 3 3 3 3 3 3 3 3 3 3 9 9 9 9 9 9 73 32 32 28 214 211 211 80 270 86 330 263 298 331 262 248 261 332 297 114 333 299 299 285 285 317 334 63 334 320 335 336 80 337 58 338 322 322 323 339 339 272 273 340 340 341 42 32 32 32 14 -9999 -9999 -9999 -9999 -9999 -9999 -9999 -9999 -9999
-9999 -9999 -9999 -9999 -9999 -9999 -9999 -9999 -9999 -9999 -9999 3 3 3 3 3 3 3 3 3 3 3 3 3 9 9 9 9 9 73 85 342 343 213 344 345 346 270 220 86 283 261 261 261 261 261 347 348 297 349 115 285 317 350 351 352 353 354 320 320 320 336 58 337 355 323 323 324 356 357 357 272 290 358 359 360 42 37 32 14 9 -9999 -9999 -9999 -9999 -9999 -9999 -9999 -9999 -9999
-9999 -9999 -9999 -9999 -9999 -9999 -9999 -9999 -9999 -9999 -9999 3 3 3 3 3 3 3 3 3 3 3 3 3 3 9 9 9 73 361 362 362 363 364 286 270 270 286 343 365 366 367 347 347 347 368 369 348 370 137 330 371 348 372 372 372 283 137 373 374 375 376 377 377 378 379 380 381 356 357 356 382 383 275 384 385 42 37 32 14 -9999 -9999 -9999 -9999 -9999 -9999 -9999 -9999 -9999 -9999
-9999 -9999 -9999 -9999 -9999 -9999 -9999 -9999 -9999 -9999 -9999 3 3 3 3 386 386 386 3 3 3 3 3 3 3 3 34 387 388 389 390 390 391 392 393 86 86 343 343 320 394 394 347 347 347 395 396 397 398 399 400 401 402 402 403 404 405 332 348 406 217 20 20 407 408 382 409 339 410 411 411 411 162 162 162 412 413 37 14 14 -9999 -9999 -9999 -9999 -9999 -9999 -9999 -9999 -9999 -9999
-9999 -9999 -9999 -9999 -9999 -9999 -9999 -9999 -9999 -9999 4 3 386 386 386 386 386 386 3 3 3 3 3 3 3 34 414 415 416 417 418 415 390 391 363 419 420 421 86 422 423 348 424 425 425 426 427 428 429 430 431 432 432 402 433 434 403 435 406 20 20 436 407 258 258 437 438 411 411 439 439 439 49 162 440 441 442 177 14 9 -9999 -9999 -9999 -9999 -9999 -9999 -9999 -9999 -9999 -9999
-9999 -9999 -9999 -9999 -9999 -9999 -9999 -9999 -9999 -9999 4 4 386 386 386 386 386 386 386 386 3 3 3 3 3 39 443 444 445 446 447 448 415 388 362 449 450 421 451 352 423 348 424 452 453 454 455 456 456 457 458 459 460 434 461 403 462 463 137 20 243 464 465 466 327 467 411 439 439 439 439 49 49 49 42 468 37 14 14 9 -9999 -9999 -9999 -9999 -9999 -9999 -9999 -9999 -9999 -9999
-9999 -9999 -9999 -9999 -9999 -9999 386 4 -9999 -9999 -9999 4 386 386 386 386 386 386 386 386 3 3 3 3 3 39 469 470 471 472 473 474 415 415 414 475 476 477 476 477 369 332 348 453 478 479 480 460 481 482 457 483 433 461 484 485 486 487 20 488 489 490 491 492 493 28 37 49 494 50 29 29 29 49 37 37 495 14 9 9 -9999 -9999 -9999 -9999 -9999 -9999 -9999 -9999 -9999 -9999
-9999 -9999 -9999 -9999 -9999 386 386 386 386 386 386 386 386 386 386 386 386 386 386 386 386 3 3 3 3 496 497 498 499 500 500 470 470 470 501 502 503 396 504 505 506 348 395 507 508 509 510 511 512 513 514 515 516 517 518 519 520 45 521 62 522 523 524 525 39 39 32 37 38 29 29 29 21 21 21 14 14 9 9 -9999 -9999 -9999 -9999 -9999 -9999 -9999 -9999 -9999 -9999 -9999
-9999 -9999 -9999 386 386 -9999 386 386 386 386 386 386 386 386 386 386 386 386 386 386 386 386 3 4 3 4 8 526 526 526 527 528 529 529 530 531 532 533 534 535 529 536 537 538 539 540 541 542 543 544 545 546 547 548 549 550 551 521 552 553 554 555 556 557 558 23 73 37 21 21 21 21 14 14 14 14 9 9 -9999 -9999 -9999 -9999 -9999 -9999 -9999 -9999 -9999 -9999 -9999 -9999
-9999 -9999 -9999 386 386 -9999 -9999 -9999 386 386 386 386 386 386 386 386 386 386 386 386 386 386 3 4 4 4 10 8 23 23 23 559 560 561 529 562 562 563 369 564 565 564 537 564 566 567 568 569 570 571 572 573 574 575 433 433 576 45 95 577 456 456 456 578 579 580 581 32 14 14 14 14 14 14 9 -9999 -9999 -9999 -9999 -9999 -9999 -9999 -9999 -9999 -9999 -9999 -9999 -9999 -9999 -9999
-9999 -9999 -9999 -9999 -9999 -9999 -9999 -9999 -9999 386 386 386 386 386 386 386 386 386 386 386 386 386 386 4 4 4 10 8 22 582 582 582 23 583 584 566 566 585 564 564 586 564 348 564 452 452 567 568 587 588 589 590 591 592 403 593 594 36 45 595 596 456 597 598 599 600 34 3 3 9 14 14 14 -9999 -9999 -9999 -9999 -9999 -9999 -9999 -9999 -9999 -9999 -9999 -9999 -9999 -9999 -9999 -9999 -9999
-9999 -9999 -9999 -9999 -9999 386 386 -9999 -9999 -9999 386 386 386 386 386 386 386 386 386 386 386 386 386 386 4 4 33 22 22 601 602 603 602 604 605 606 606 607 452 566 566 585 608 609 610 611 612 613 614 615 616 617 614 618 619 620 45 45 621 622 623 624 625 626 626 627 108 3 3 3 4 -9999 -9999 -9999 -9999 -9999 -9999 -9999 -9999 -9999 -9999 -9999 -9999 -9999 -9999 -9999 -9999 -9999 -9999 -9999
-9999 -9999 -9999 -9999 -9999 -9999 -9999 -9999 386 386 386 386 386 386 386 386 386 386 386 386 386 386 386 386 386 386 386 628 628 628 628 628 629 629 602 602 630 631 632 633 634 634 635 636 637 638 639 640 613 641 587 642 643 483 459 534 20 552 644 645 646 625 647 648 626 73 3 4 4 -9999 -9999 -9999 -9999 -9999 -9999 -9999 -9999 -9999 -9999 -9999 -9999 -9999 -9999 -9999 -9999 -9999 -9999 -9999 -9999 -9999
-9999 -9999 -9999 -9999 -9999 -9999 -9999 -9999 -9999 386 386 386 386 386 386 386 386 386 386 386 386 386 386 386 386 386 386 386 628 628 628 628 628 628 628 628 603 603 603 603 649 650 651 640 652 611 653 587 613 654 642 655 655 656 657 20 658 659 660 661 662 663 664 665 666 3 4 4 -9999 -9999 -9999 -9999 -9999 -9999 -9999 -9999 -9999 -9999 -9999 -9999 -9999 -9999 -9999 -9999 -9999 -9999 -9999 -9999 -9999 -9999
-9999 -9999 -9999 -9999 -9999 -9999 -9999 -9999 -9999 386 386 386 386 386 386 386 386 386 386 386 386 386 386 386 386 386 386 386 667 628 628 628 628 628 628 628 628 628 628 603 603 668 669 670 613 671 613 672 673 674 674 674 539 675 539 230 676 677 678 598 679 679 664 663 680 3 4 -9999 -9999 -9999 -9999 -9999 -9999 -9999 -9999 -9999 -9999 -9999 -9999 -9999 -9999 -9999 -9999 -9999 -9999 -9999 -9999 -9999 -9999 -9999
-9999 -9999 -9999 -9999 -9999 -9999 -9999 -9999 386 386 386 386 386 386 386 386 386 386 386 386 386 386 386 386 386 386 386 386 386 386 667 667 667 667 667 628 628 628 628 628 628 603 681 682 683 684 685 616 686 673 687 688 689 539 688 676 648 690 691 662 679 679 679 692 98 3 4 -9999 -9999 -9999 -9999 -9999 -9999 -9999 -9999 -9999 -9999 -9999 -9999 -9999 -9999 -9999 -9999 -9999 -9999 -9999 -9999 -9999 -9999 -9999
-9999 -9999 -9999 -9999 -9999 -9999 -9999 386 386 386 386 386 386 386 386 386 386 386 386 386 386 386 386 386 386 386 386 386 386 386 386 386 386 386 386 386 386 667 667 628 628 628 603 693 694 695 696 697 613 698 699 540 700 701 676 702 703 690 704 705 679 679 679 73 9 4 2 -9999 -9999 -9999 -9999 -9999 -9999 -9999 -9999 -9999 -9999 -9999 -9999 -9999 -9999 -9999 -9999 -9999 -9999 -9999 -9999 -9999 -9999 -9999
-9999 -9999 -9999 -9999 -9999 -9999 386 386 386 386 386 386 386 386 386 386 386 386 386 386 386 386 386 386 386 386 386 386 386 386 386 386 386 386 386 386 386 386 386 386 667 628 628 706 707 707 694 708 672 262 709 99 224 710 648 690 690 690 679 679 679 690 680 3 4 2 -9999 -9999 -9999 -9999 -9999 -9999 -9999 -9999 -9999 -9999 -9999 -9999 -9999 -9999 -9999 -9999 -9999 -9999 -9999 -9999 -9999 -9999 -9999 -9999
-9999 -9999 -9999 -9999 386 386 386 386 386 386 386 386 386 386 386 667 667 667 667 667 667 667 667 386 386 386 386 386 386 386 386 386 386 386 386 386 386 386 386 386 386 667 628 707 707 711 712 713 714 715 716 717 718 702 690 690 690 690 679 679 679 719 108 386 -9999 -9999 -9999 -9999 -9999 -9999 -9999 -9999 -9999 -9999 -9999 -9999 -9999 -9999 -9999 -9999 -9999 -9999 -9999 -9999 -9999 -9999 -9999 -9999 -9999 -9999
-9999 -9999 -9999 386 386 386 386 386 386 386 386 386 628 628 628 628 628 628 628 628 628 628 667 667 386 386 386 386 386 386 386 386 386 386 386 386 386 386 386 386 386 667 628 720 721 722 723 724 690 725 726 726 676 690 690 690 679 679 679 679 679 628 386 386 -9999 -9999 -9999 -9999 -9999 -9999 -9999 -9999 -9999 -9999 -9999 -9999 -9999 -9999 -9999 -9999 -9999 -9999 -9999 -9999 -9999 -9999 -9999 -9999 -9999 -9999
-9999 -9999 386 386 386 386 386 386 628 628 628 456 456 456 456 456 727 727 628 628 628 628 628 667 386 386 386 386 386 386 386 386 386 386 386 386 386 386 386 386 386 628 603 728 729 714 724 730 731 732 733 734 690 735 690 679 735 456 679 456 628 386 386 386 -9999 -9999 -9999 -9999 -9999 -9999 -9999 -9999 -9999 -9999 -9999 -9999 -9999 -9999 -9999 -9999 -9999 -9999 -9999 -9999 -9999 -9999 -9999 -9999 -9999 -9999
-9999 386 386 386 386 386 386 628 628 456 456 456 456 456 603 603 603 628 628 628 628 628 628 667 386 386 386 386 386 386 386 386 386 386 386 386 386 386 386 386 386 628 736 659 732 690 737 704 731 690 738 738 735 738 679 735 456 456 456 628 386 386 386 386 -9999 -9999 -9999 -9999 -9999 -9999 -9999 -9999 -9999 -9999 -9999 -9999 -9999 -9999 -9999 -9999 -9999 -9999 -9999 -9999 -9999 -9999 -9999 -9999 -9999 -9999
386 386 386 386 386 386 628 628 456 456 456 456 456 456 603 603 603 603 603 628 628 628 628 628 667 667 667 727 456 628 386 386 386 386 386 386 386 386 386 386 628 628 739 740 730 456 456 456 735 741 741 735 735 735 735 456 456 456 628 386 386 386 -9999 -9999 -9999 -9999 -9999 -9999 -9999 -9999 -9999 -9999 -9999 -9999 -9999 -9999 -9999 -9999 -9999 -9999 -9999 -9999 -9999 -9999 -9999 -9999 -9999 -9999 -9999 -9999
386 386 386 386 386 386 727 456 456 456 456 456 456 456 456 456 456 456 603 603 628 628 628 628 628 628 456 456 456 628 628 386 386 386 386 386 386 386 386 667 727 456 456 456 456 456 456 704 741 735 742 456 456 456 456 456 456 628 386 386 386 -9999 -9999 -9999 -9999 -9999 -9999 -9999 -9999 -9999 -9999 -9999 -9999 -9999 -9999 -9999 -9999 -9999 -9999 -9999 -9999 -9999 -9999 -9999 -9999 -9999 -9999 -9999 -9999 -9999
386 386 386 386 386 628 456 456 456 456 456 456 456 456 456 456 456 456 603 603 603 628 628 628 628 603 456 456 456 727 628 628 386 386 386 386 386 386 386 456 456 456 456 456 456 456 456 735 738 742 456 456 456 456 456 456 603 386 386 386 386 -9999 -9999 -9999 -9999 -9999 -9999 -9999 -9999 -9999 -9999 -9999 -9999 -9999 -9999 -9999 -9999 -9999 -9999 -9999 -9999 -9999 -9999 -9999 -9999 -9999 -9999 -9999 -9999 -9999
386 386 386 386 386 628 456 456 456 456 456 456 456 456 456 456 456 456 603 603 603 603 628 628 603 603 456 456 456 456 456 727 667 386 386 386 386 386 386 628 456 456 456 456 456 456 737 735 456 456 456 456 456 456 456 456 667 386 386 386 -9999 -9999 -9999 -9999 -9999 -9999 -9999 -9999 -9999 -9999 -9999 -9999 -9999 -9999 -9999 -9999 -9999 -9999 -9999 -9999 -9999 -9999 -9999 -9999 -9999 -9999 -9999 -9999 -9999 -9999
