model_scripts/mantelliABC_v6_model_M/splatche3input/oriworld_model_M.asc
NCOLS 90
NROWS 94
XLLCORNER 171.583333333333
YLLCORNER -41.6666666666667
CELLSIZE 0.0833333333333333
NODATA_value -9999
[rows 44 to 87 of 94, columns 0 to 89 of 90]
-9999 -9999 -9999 -9999 -9999 -9999 -9999 -9999 -9999 -9999 -9999 -9999 -9999 -9999 -9999 -9999 -9999 -9999 -9999 -9999 -9999 -9999 -9999 -9999 -9999 -9999 -9999 -9999 -9999 -9999 -9999 3 3 9 9 65 65 62 52 63 63 63 63 63 114 114 114 92 92 92 121 58 122 123 45 124 46 46 46 27 27 -9999 -9999 -9999 -9999 -9999 125 125 -9999 -9999 -9999 -9999 -9999 -9999 14 14 67 49 67 126 126 30 30 14 -9999 -9999 14 30 14 -9999
-9999 -9999 -9999 -9999 -9999 -9999 -9999 -9999 -9999 -9999 -9999 -9999 -9999 -9999 -9999 -9999 -9999 -9999 -9999 -9999 -9999 -9999 -9999 -9999 -9999 -9999 -9999 -9999 -9999 -9999 -9999 3 9 9 9 65 65 26 52 52 63 63 63 63 43 44 44 92 92 92 43 58 54 53 110 110 120 127 128 46 27 27 27 27 27 27 21 21 -9999 21 21 14 14 14 129 130 131 131 83 43 43 132 133 134 30 14 14 30 14 14
-9999 -9999 -9999 -9999 -9999 -9999 -9999 -9999 -9999 -9999 -9999 -9999 -9999 -9999 -9999 -9999 -9999 -9999 -9999 -9999 -9999 -9999 -9999 -9999 -9999 -9999 -9999 -9999 -9999 -9999 -9999 9 9 9 9 74 65 26 62 52 82 83 63 63 58 41 41 92 92 92 92 43 58 54 108 108 108 53 45 135 46 46 46 46 27 21 21 21 21 21 21 136 30 83 63 63 131 58 44 41 117 117 114 137 30 21 21 21 21 -9999
-9999 -9999 -9999 -9999 -9999 -9999 -9999 -9999 -9999 -9999 -9999 -9999 -9999 -9999 -9999 -9999 -9999 -9999 -9999 -9999 -9999 -9999 -9999 -9999 -9999 -9999 -9999 -9999 -9999 -9999 9 9 9 9 14 14 30 26 62 82 63 63 83 43 58 138 44 43 43 92 92 43 58 58 58 58 54 53 45 45 45 135 46 35 35 36 35 35 35 35 35 26 139 63 63 43 43 140 141 112 139 114 142 143 36 21 21 -9999 -9999 -9999
-9999 -9999 -9999 -9999 -9999 -9999 -9999 -9999 -9999 -9999 -9999 -9999 -9999 -9999 -9999 -9999 -9999 -9999 -9999 -9999 -9999 -9999 -9999 -9999 -9999 -9999 -9999 -9999 -9999 -9999 14 9 14 14 14 14 30 26 49 63 43 58 58 58 43 53 45 43 43 92 92 92 43 58 58 58 58 54 108 53 53 53 45 144 127 145 35 35 35 40 40 132 63 63 43 146 147 146 63 43 148 149 150 35 21 21 21 -9999 -9999 -9999
-9999 -9999 -9999 -9999 -9999 -9999 -9999 -9999 -9999 -9999 -9999 -9999 -9999 -9999 -9999 -9999 -9999 -9999 -9999 -9999 -9999 -9999 -9999 -9999 -9999 -9999 -9999 -9999 -9999 21 14 14 14 14 14 136 35 40 63 43 63 63 43 58 58 151 152 43 92 92 92 92 43 43 43 43 58 58 58 58 58 58 53 53 53 53 153 117 117 117 139 83 63 49 63 154 155 156 157 49 157 146 35 21 21 21 21 -9999 -9999 -9999
-9999 -9999 -9999 -9999 -9999 -9999 -9999 -9999 -9999 -9999 -9999 -9999 -9999 -9999 -9999 -9999 -9999 -9999 -9999 -9999 -9999 -9999 -9999 -9999 -9999 -9999 -9999 -9999 21 21 21 21 21 21 21 36 35 40 43 43 158 43 63 58 58 54 58 43 92 92 58 58 43 63 63 43 159 43 159 58 58 138 53 138 53 138 160 108 41 117 83 63 63 157 161 155 162 157 70 70 163 150 35 36 21 21 21 -9999 -9999 -9999
-9999 -9999 -9999 -9999 -9999 -9999 -9999 -9999 -9999 -9999 -9999 -9999 -9999 -9999 -9999 -9999 -9999 -9999 -9999 -9999 -9999 -9999 -9999 -9999 -9999 -9999 21 21 21 21 21 21 21 21 21 36 35 43 43 43 43 63 164 58 54 54 54 58 92 92 58 58 63 63 63 43 58 63 49 43 58 58 54 58 53 138 153 58 58 165 63 63 49 157 70 166 70 105 105 167 167 168 35 36 21 21 21 -9999 -9999 -9999
-9999 -9999 -9999 -9999 -9999 -9999 -9999 -9999 -9999 -9999 -9999 -9999 -9999 -9999 -9999 -9999 -9999 -9999 -9999 -9999 -9999 -9999 -9999 -9999 -9999 21 14 21 21 21 21 21 21 21 21 36 35 158 43 43 43 63 169 170 54 54 58 58 92 92 88 83 82 52 52 63 63 63 63 49 58 58 54 58 58 58 112 43 58 63 63 49 49 70 70 62 70 105 20 167 167 171 35 21 21 21 21 -9999 -9999 -9999
-9999 -9999 -9999 -9999 -9999 -9999 -9999 -9999 -9999 -9999 -9999 -9999 -9999 -9999 -9999 -9999 -9999 -9999 -9999 -9999 -9999 -9999 -9999 9 14 21 21 21 21 21 21 21 21 21 21 35 40 164 43 63 63 82 169 172 88 83 52 52 52 92 52 52 52 82 63 58 63 63 58 63 63 58 53 63 43 58 112 63 63 63 157 49 70 70 43 62 167 20 20 173 174 175 46 21 21 21 21 -9999 -9999 -9999
-9999 -9999 -9999 -9999 -9999 -9999 -9999 -9999 -9999 -9999 -9999 -9999 -9999 -9999 -9999 -9999 -9999 -9999 -9999 -9999 -9999 -9999 9 14 14 14 21 21 21 21 21 21 21 21 36 35 164 49 146 63 49 97 169 90 97 97 78 101 90 92 88 52 92 92 92 63 63 41 63 63 58 53 176 63 43 112 63 157 63 157 177 52 63 43 178 179 180 181 182 183 184 40 35 21 21 21 -9999 -9999 -9999 -9999
-9999 -9999 -9999 -9999 -9999 -9999 -9999 -9999 -9999 -9999 -9999 -9999 -9999 -9999 -9999 9 -9999 9 9 9 9 9 9 14 14 14 14 21 21 21 21 21 21 36 35 35 185 157 146 52 90 90 90 90 94 81 186 186 81 92 92 92 92 52 92 92 41 108 83 63 138 176 187 63 43 43 43 70 157 49 70 70 43 188 189 190 191 192 183 183 193 124 194 21 21 21 -9999 -9999 -9999 -9999
-9999 -9999 -9999 -9999 -9999 -9999 -9999 -9999 -9999 -9999 -9999 -9999 -9999 -9999 -9999 3 9 9 9 9 3 9 9 9 9 14 14 14 14 21 21 21 36 35 35 40 52 157 70 90 90 90 94 93 96 93 93 195 196 100 94 81 197 197 52 92 92 139 49 83 112 58 63 62 63 63 177 198 199 70 157 43 200 201 202 203 204 205 206 204 183 207 21 21 21 21 -9999 -9999 -9999 -9999
-9999 -9999 -9999 -9999 -9999 -9999 -9999 -9999 -9999 -9999 -9999 -9999 -9999 -9999 9 9 9 9 3 3 9 9 9 9 14 14 14 14 14 14 14 14 35 35 35 40 62 70 70 208 94 96 93 195 96 96 93 209 210 93 81 94 94 211 52 92 92 52 52 83 63 43 63 49 43 166 212 199 157 157 43 213 200 214 215 216 217 218 219 220 35 35 21 21 21 -9999 -9999 -9999 -9999 -9999
-9999 -9999 -9999 -9999 -9999 -9999 -9999 -9999 -9999 -9999 -9999 -9999 -9999 9 3 9 3 3 3 3 9 3 9 9 9 14 14 14 14 14 14 136 35 35 40 40 157 70 78 51 51 195 195 195 96 93 103 210 221 93 222 222 223 223 92 92 101 211 52 62 62 52 70 70 224 70 225 166 226 227 228 229 230 231 183 232 233 234 235 35 35 35 21 -9999 -9999 -9999 -9999 -9999 -9999 -9999
-9999 -9999 -9999 -9999 -9999 -9999 -9999 -9999 -9999 -9999 -9999 -9999 -9999 3 3 3 9 3 3 3 3 3 9 9 9 9 9 9 9 14 14 30 30 30 26 157 157 70 70 73 236 93 221 93 93 93 237 238 210 93 94 223 223 159 239 81 240 62 101 241 241 210 210 70 157 157 242 227 243 244 244 229 245 245 246 247 248 249 30 40 40 21 14 -9999 -9999 -9999 -9999 -9999 -9999 -9999
-9999 -9999 -9999 -9999 -9999 -9999 -9999 -9999 -9999 -9999 -9999 -9999 3 3 3 3 3 3 3 3 3 3 3 3 9 9 9 9 9 9 65 30 30 26 70 157 157 70 199 73 236 195 221 66 96 94 93 109 103 93 223 223 222 211 211 240 250 57 250 210 251 252 70 253 43 254 243 243 244 255 255 201 202 256 256 257 40 30 30 30 14 -9999 -9999 -9999 -9999 -9999 -9999 -9999 -9999 -9999
-9999 -9999 -9999 -9999 -9999 -9999 -9999 -9999 -9999 -9999 -9999 3 3 3 3 3 3 3 3 3 3 3 3 3 9 9 9 9 9 65 72 258 73 162 199 259 260 199 166 73 209 93 93 93 93 93 103 261 103 92 92 211 240 262 262 263 56 196 210 210 210 252 43 253 264 244 244 244 265 266 266 201 215 267 257 247 40 35 30 14 9 -9999 -9999 -9999 -9999 -9999 -9999 -9999 -9999 -9999
-9999 -9999 -9999 -9999 -9999 -9999 -9999 -9999 -9999 -9999 -9999 3 3 3 3 3 3 3 3 3 3 3 3 3 3 9 9 9 65 268 269 269 270 271 166 199 199 166 73 196 209 221 103 103 103 272 273 261 92 92 236 274 261 275 275 275 209 109 276 277 167 278 279 279 280 281 282 283 265 266 265 189 284 204 285 286 40 35 30 14 -9999 -9999 -9999 -9999 -9999 -9999 -9999 -9999 -9999 -9999
-9999 -9999 -9999 -9999 -9999 -9999 -9999 -9999 -9999 -9999 -9999 3 3 3 3 76 76 76 3 3 3 3 3 3 3 3 32 287 288 289 290 290 291 292 293 73 73 73 73 210 294 294 103 103 103 295 296 297 92 92 261 298 92 92 92 299 300 109 261 20 164 20 20 301 215 189 302 255 303 304 304 304 124 124 124 305 306 35 14 14 -9999 -9999 -9999 -9999 -9999 -9999 -9999 -9999 -9999 -9999
-9999 -9999 -9999 -9999 -9999 -9999 -9999 -9999 -9999 -9999 4 3 76 76 76 76 76 76 3 3 3 3 3 3 3 32 307 308 309 310 311 308 290 291 270 312 271 313 73 238 237 261 314 315 315 316 317 92 92 318 319 92 92 92 92 92 320 321 20 20 20 34 301 183 183 322 323 304 304 324 324 324 46 124 325 326 327 136 14 9 -9999 -9999 -9999 -9999 -9999 -9999 -9999 -9999 -9999 -9999
-9999 -9999 -9999 -9999 -9999 -9999 -9999 -9999 -9999 -9999 4 4 76 76 76 76 76 76 76 76 3 3 3 3 3 37 328 329 330 331 332 333 308 288 269 334 335 313 336 263 237 261 314 337 338 339 340 92 92 92 92 92 341 318 92 92 342 343 109 20 181 344 206 345 247 346 304 324 324 324 324 46 46 46 40 347 35 14 14 9 -9999 -9999 -9999 -9999 -9999 -9999 -9999 -9999 -9999 -9999
-9999 -9999 -9999 -9999 -9999 -9999 76 4 -9999 -9999 -9999 4 76 76 76 76 76 76 76 76 3 3 3 3 3 37 348 349 350 351 352 353 308 308 307 269 354 308 354 308 273 109 261 338 355 356 357 341 341 358 359 360 359 361 92 92 362 61 20 344 181 363 364 365 366 26 35 46 367 47 27 27 27 46 35 35 368 14 9 9 -9999 -9999 -9999 -9999 -9999 -9999 -9999 -9999 -9999 -9999
-9999 -9999 -9999 -9999 -9999 76 76 76 76 76 76 76 76 76 76 76 76 76 76 76 76 3 3 3 3 369 370 348 371 372 372 349 349 349 373 348 374 296 375 376 377 261 295 378 379 380 381 382 383 384 385 386 387 338 92 92 61 20 388 56 389 390 391 392 37 37 30 35 36 27 27 27 21 21 21 14 14 9 9 -9999 -9999 -9999 -9999 -9999 -9999 -9999 -9999 -9999 -9999 -9999
-9999 -9999 -9999 76 76 -9999 76 76 76 76 76 76 76 76 76 76 76 76 76 76 76 76 3 4 3 4 8 393 393 393 394 395 316 316 396 397 398 399 273 375 316 400 38 401 402 403 24 404 405 406 407 408 409 362 92 410 378 388 411 412 413 414 415 416 417 23 65 35 21 21 21 21 14 14 14 14 9 9 -9999 -9999 -9999 -9999 -9999 -9999 -9999 -9999 -9999 -9999 -9999 -9999
-9999 -9999 -9999 76 76 -9999 -9999 -9999 76 76 76 76 76 76 76 76 76 76 76 76 76 76 3 4 4 4 10 8 23 23 23 418 378 338 316 419 419 420 273 421 393 421 38 421 422 423 424 425 426 427 428 429 430 431 92 359 432 20 66 433 92 92 92 434 435 436 437 30 14 14 14 14 14 14 9 -9999 -9999 -9999 -9999 -9999 -9999 -9999 -9999 -9999 -9999 -9999 -9999 -9999 -9999 -9999
-9999 -9999 -9999 -9999 -9999 -9999 -9999 -9999 -9999 76 76 76 76 76 76 76 76 76 76 76 76 76 76 4 4 4 10 8 22 438 438 438 23 355 401 422 422 421 421 421 394 421 261 421 337 337 423 424 439 440 441 442 443 444 92 445 446 34 20 447 448 92 449 450 451 452 32 3 3 9 14 14 14 -9999 -9999 -9999 -9999 -9999 -9999 -9999 -9999 -9999 -9999 -9999 -9999 -9999 -9999 -9999 -9999 -9999
-9999 -9999 -9999 -9999 -9999 76 76 -9999 -9999 -9999 76 76 76 76 76 76 76 76 76 76 76 76 76 76 4 4 31 22 22 453 454 102 454 455 456 423 423 315 337 422 422 421 457 458 459 460 461 462 463 464 465 466 463 467 92 468 20 20 469 470 471 472 473 474 474 475 87 3 3 3 4 -9999 -9999 -9999 -9999 -9999 -9999 -9999 -9999 -9999 -9999 -9999 -9999 -9999 -9999 -9999 -9999 -9999 -9999 -9999
-9999 -9999 -9999 -9999 -9999 -9999 -9999 -9999 76 76 76 76 76 76 76 76 76 76 76 76 76 76 76 76 76 76 76 89 89 89 89 89 476 476 454 454 477 478 479 480 481 481 482 483 484 485 486 487 462 488 439 489 490 92 92 273 20 411 491 492 493 473 494 495 474 65 3 4 4 -9999 -9999 -9999 -9999 -9999 -9999 -9999 -9999 -9999 -9999 -9999 -9999 -9999 -9999 -9999 -9999 -9999 -9999 -9999 -9999 -9999
-9999 -9999 -9999 -9999 -9999 -9999 -9999 -9999 -9999 76 76 76 76 76 76 76 76 76 76 76 76 76 76 76 76 76 76 76 89 89 89 89 89 89 89 89 102 102 102 102 496 497 498 487 499 460 500 439 462 501 489 502 502 92 503 20 504 505 506 507 508 509 510 511 512 3 4 4 -9999 -9999 -9999 -9999 -9999 -9999 -9999 -9999 -9999 -9999 -9999 -9999 -9999 -9999 -9999 -9999 -9999 -9999 -9999 -9999 -9999 -9999
-9999 -9999 -9999 -9999 -9999 -9999 -9999 -9999 -9999 76 76 76 76 76 76 76 76 76 76 76 76 76 76 76 76 76 76 76 85 89 89 89 89 89 89 89 89 89 89 102 102 513 514 515 462 516 462 517 518 519 519 519 402 92 402 173 520 521 522 450 523 523 510 509 524 3 4 -9999 -9999 -9999 -9999 -9999 -9999 -9999 -9999 -9999 -9999 -9999 -9999 -9999 -9999 -9999 -9999 -9999 -9999 -9999 -9999 -9999 -9999 -9999
-9999 -9999 -9999 -9999 -9999 -9999 -9999 -9999 76 76 76 76 76 76 76 76 76 76 76 76 76 76 76 76 76 76 76 76 76 76 85 85 85 85 85 89 89 89 89 89 89 102 525 526 527 528 529 465 530 518 531 92 92 92 532 520 495 533 534 508 523 523 523 535 79 3 4 -9999 -9999 -9999 -9999 -9999 -9999 -9999 -9999 -9999 -9999 -9999 -9999 -9999 -9999 -9999 -9999 -9999 -9999 -9999 -9999 -9999 -9999 -9999
-9999 -9999 -9999 -9999 -9999 -9999 -9999 76 76 76 76 76 76 76 76 76 76 76 76 76 76 76 76 76 76 76 76 76 76 76 76 76 76 76 76 76 76 85 85 89 89 89 102 536 537 538 539 540 462 541 542 92 543 544 520 545 546 533 547 548 523 523 523 65 9 4 2 -9999 -9999 -9999 -9999 -9999 -9999 -9999 -9999 -9999 -9999 -9999 -9999 -9999 -9999 -9999 -9999 -9999 -9999 -9999 -9999 -9999 -9999 -9999
-9999 -9999 -9999 -9999 -9999 -9999 76 76 76 76 76 76 76 76 76 76 76 76 76 76 76 76 76 76 76 76 76 76 76 76 76 76 76 76 76 76 76 76 76 76 85 89 89 549 537 537 537 550 517 96 92 92 169 551 495 533 533 533 523 523 523 533 524 3 4 2 -9999 -9999 -9999 -9999 -9999 -9999 -9999 -9999 -9999 -9999 -9999 -9999 -9999 -9999 -9999 -9999 -9999 -9999 -9999 -9999 -9999 -9999 -9999 -9999
-9999 -9999 -9999 -9999 76 76 76 76 76 76 76 76 76 76 76 85 85 85 85 85 85 85 85 76 76 76 76 76 76 76 76 76 76 76 76 76 76 76 76 76 76 85 89 537 537 552 553 554 555 92 92 239 556 545 533 533 533 533 523 523 523 557 87 76 -9999 -9999 -9999 -9999 -9999 -9999 -9999 -9999 -9999 -9999 -9999 -9999 -9999 -9999 -9999 -9999 -9999 -9999 -9999 -9999 -9999 -9999 -9999 -9999 -9999 -9999
-9999 -9999 -9999 76 76 76 76 76 76 76 76 76 89 89 89 89 89 89 89 89 89 89 85 85 76 76 76 76 76 76 76 76 76 76 76 76 76 76 76 76 76 85 89 558 559 560 561 562 92 92 563 563 520 533 533 533 523 523 523 523 523 89 76 76 -9999 -9999 -9999 -9999 -9999 -9999 -9999 -9999 -9999 -9999 -9999 -9999 -9999 -9999 -9999 -9999 -9999 -9999 -9999 -9999 -9999 -9999 -9999 -9999 -9999 -9999
-9999 -9999 76 76 76 76 76 76 89 89 89 92 92 92 92 92 116 116 89 89 89 89 89 85 76 76 76 76 76 76 76 76 76 76 76 76 76 76 76 76 76 89 102 564 565 555 562 92 92 566 567 568 533 569 533 523 569 92 523 92 89 76 76 76 -9999 -9999 -9999 -9999 -9999 -9999 -9999 -9999 -9999 -9999 -9999 -9999 -9999 -9999 -9999 -9999 -9999 -9999 -9999 -9999 -9999 -9999 -9999 -9999 -9999 -9999
-9999 76 76 76 76 76 76 89 89 92 92 92 92 92 102 102 102 89 89 89 89 89 89 85 76 76 76 76 76 76 76 76 76 76 76 76 76 76 76 76 76 89 570 505 566 533 92 92 571 533 572 572 569 572 523 569 92 92 92 89 76 76 76 76 -9999 -9999 -9999 -9999 -9999 -9999 -9999 -9999 -9999 -9999 -9999 -9999 -9999 -9999 -9999 -9999 -9999 -9999 -9999 -9999 -9999 -9999 -9999 -9999 -9999 -9999
76 76 76 76 76 76 89 89 92 92 92 92 92 92 102 102 102 102 102 89 89 89 89 89 85 85 85 116 92 89 76 76 76 76 76 76 76 76 76 76 89 89 573 574 575 92 92 92 569 576 576 569 569 569 569 92 92 92 89 76 76 76 -9999 -9999 -9999 -9999 -9999 -9999 -9999 -9999 -9999 -9999 -9999 -9999 -9999 -9999 -9999 -9999 -9999 -9999 -9999 -9999 -9999 -9999 -9999 -9999 -9999 -9999 -9999 -9999
76 76 76 76 76 76 116 92 92 92 92 92 92 92 92 92 92 92 102 102 89 89 89 89 89 89 92 92 92 89 89 76 76 76 76 76 76 76 76 85 116 92 92 92 92 92 92 547 576 569 577 92 92 92 92 92 92 89 76 76 76 -9999 -9999 -9999 -9999 -9999 -9999 -9999 -9999 -9999 -9999 -9999 -9999 -9999 -9999 -9999 -9999 -9999 -9999 -9999 -9999 -9999 -9999 -9999 -9999 -9999 -9999 -9999 -9999 -9999
76 76 76 76 76 89 92 92 92 92 92 92 92 92 92 92 92 92 102 102 102 89 89 89 89 102 92 92 92 116 89 89 76 76 76 76 76 76 76 92 92 92 92 92 92 92 92 569 572 577 92 92 92 92 92 92 102 76 76 76 76 -9999 -9999 -9999 -9999 -9999 -9999 -9999 -9999 -9999 -9999 -9999 -9999 -9999 -9999 -9999 -9999 -9999 -9999 -9999 -9999 -9999 -9999 -9999 -9999 -9999 -9999 -9999 -9999 -9999
76 76 76 76 76 89 92 92 92 92 92 92 92 92 92 92 92 92 102 102 102 102 89 89 102 102 92 92 92 92 92 116 85 76 76 76 76 76 76 89 92 92 92 92 92 92 578 569 92 92 92 92 92 92 92 92 85 76 76 76 -9999 -9999 -9999 -9999 -9999 -9999 -9999 -9999 -9999 -9999 -9999 -9999 -9999 -9999 -9999 -9999 -9999 -9999 -9999 -9999 -9999 -9999 -9999 -9999 -9999 -9999 -9999 -9999 -9999 -9999
76 76 76 76 76 89 92 92 92 92 92 92 92 92 92 92 92 92 102 102 102 102 102 92 92 92 92 92 92 92 92 92 92 89 76 76 76 76 89 92 92 92 92 92 92 92 92 92 92 92 92 92 92 92 92 89 76 76 76 -9999 -9999 -9999 -9999 -9999 -9999 -9999 -9999 -9999 -9999 -9999 -9999 -9999 -9999 -9999 -9999 -9999 -9999 -9999 -9999 -9999 -9999 -9999 -9999 -9999 -9999 -9999 -9999 -9999 -9999 -9999
76 76 76 76 76 89 92 92 92 92 92 92 92 92 92 92 92 92 102 102 102 92 92 92 92 92 92 92 92 92 92 92 92 92 76 76 -9999 85 92 92 92 92 92 92 92 92 92 92 92 92 92 92 92 92 102 85 76 -9999 -9999 -9999 -9999 -9999 -9999 -9999 -9999 -9999 -9999 -9999 -9999 -9999 -9999 -9999 -9999 -9999 -9999 -9999 -9999 -9999 -9999 -9999 -9999 -9999 -9999 -9999 -9999 -9999 -9999 -9999 -9999 -9999
