model_scripts/mantelliABC_v6_model_yQ/splatche3input/oriworld_model_yQ.asc
NCOLS 90
NROWS 94
XLLCORNER 171.583333333333
YLLCORNER -41.6666666666667
CELLSIZE 0.0833333333333333
NODATA_value -9999
[rows 43 to 85 of 94, columns 0 to 89 of 90]
-9999 -9999 -9999 -9999 -9999 -9999 -9999 -9999 -9999 -9999 -9999 -9999 -9999 -9999 -9999 -9999 -9999 -9999 -9999 -9999 -9999 -9999 -9999 -9999 -9999 -9999 -9999 -9999 -9999 -9999 -9999 -9999 3 3 88 73 85 81 97 76 76 127 163 159 154 77 77 139 139 164 65 95 165 166 167 49 49 29 29 29 -9999 -9999 -9999 -9999 -9999 -9999 -9999 21 -9999 -9999 -9999 -9999 -9999 -9999 -9999 -9999 14 14 14 14 14 -9999 -9999 -9999 -9999 -9999 -9999 -9999 14 -9999
-9999 -9999 -9999 -9999 -9999 -9999 -9999 -9999 -9999 -9999 -9999 -9999 -9999 -9999 -9999 -9999 -9999 -9999 -9999 -9999 -9999 -9999 -9999 -9999 -9999 -9999 -9999 -9999 -9999 -9999 -9999 3 3 9 9 73 73 81 97 76 76 127 127 127 159 159 159 168 169 139 170 65 171 172 48 173 49 49 49 29 29 -9999 -9999 -9999 -9999 -9999 174 174 -9999 -9999 -9999 -9999 -9999 -9999 14 14 175 64 175 176 176 32 32 14 -9999 -9999 14 32 14 -9999
-9999 -9999 -9999 -9999 -9999 -9999 -9999 -9999 -9999 -9999 -9999 -9999 -9999 -9999 -9999 -9999 -9999 -9999 -9999 -9999 -9999 -9999 -9999 -9999 -9999 -9999 -9999 -9999 -9999 -9999 -9999 3 9 9 9 73 73 28 97 97 76 76 76 127 46 47 47 177 177 169 77 65 98 178 179 179 167 180 181 49 29 29 29 29 29 29 21 21 -9999 21 21 14 14 14 182 183 184 184 104 77 77 185 186 187 32 14 14 32 14 14
-9999 -9999 -9999 -9999 -9999 -9999 -9999 -9999 -9999 -9999 -9999 -9999 -9999 -9999 -9999 -9999 -9999 -9999 -9999 -9999 -9999 -9999 -9999 -9999 -9999 -9999 -9999 -9999 -9999 -9999 -9999 9 9 9 9 88 73 28 81 97 103 104 127 127 107 43 43 139 139 139 139 58 65 141 142 142 142 178 48 188 49 49 49 49 29 21 21 21 21 21 21 189 32 106 71 71 190 95 157 158 191 163 159 192 32 21 21 21 21 -9999
-9999 -9999 -9999 -9999 -9999 -9999 -9999 -9999 -9999 -9999 -9999 -9999 -9999 -9999 -9999 -9999 -9999 -9999 -9999 -9999 -9999 -9999 -9999 -9999 -9999 -9999 -9999 -9999 -9999 -9999 9 9 9 9 14 14 32 28 81 103 76 76 106 46 107 193 47 77 46 139 139 77 65 95 107 65 141 178 48 48 48 188 49 37 37 38 37 37 37 37 37 28 194 71 71 58 58 195 196 197 198 159 199 200 38 21 21 -9999 -9999 -9999
-9999 -9999 -9999 -9999 -9999 -9999 -9999 -9999 -9999 -9999 -9999 -9999 -9999 -9999 -9999 -9999 -9999 -9999 -9999 -9999 -9999 -9999 -9999 -9999 -9999 -9999 -9999 -9999 -9999 -9999 14 9 14 14 14 14 32 28 64 76 77 95 95 107 46 178 48 46 46 139 139 155 58 65 65 65 95 60 142 178 178 201 48 202 180 203 37 37 37 42 42 185 71 71 58 204 205 206 76 77 207 208 209 37 21 21 21 -9999 -9999 -9999
-9999 -9999 -9999 -9999 -9999 -9999 -9999 -9999 -9999 -9999 -9999 -9999 -9999 -9999 -9999 -9999 -9999 -9999 -9999 -9999 -9999 -9999 -9999 -9999 -9999 -9999 -9999 -9999 -9999 21 14 14 14 14 14 189 37 42 76 77 76 76 77 107 107 210 211 46 139 139 139 155 58 58 58 58 65 95 95 95 95 95 178 178 178 178 212 163 163 163 194 213 71 83 71 214 215 216 217 64 217 218 37 21 21 21 21 -9999 -9999 -9999
-9999 -9999 -9999 -9999 -9999 -9999 -9999 -9999 -9999 -9999 -9999 -9999 -9999 -9999 -9999 -9999 -9999 -9999 -9999 -9999 -9999 -9999 -9999 -9999 -9999 -9999 -9999 -9999 21 21 21 21 21 21 21 38 37 42 77 77 219 77 76 107 107 141 107 77 139 139 107 95 77 76 76 46 220 77 220 95 95 193 178 221 201 193 222 142 43 191 213 71 71 223 224 215 225 217 226 226 227 228 37 38 21 21 21 -9999 -9999 -9999
-9999 -9999 -9999 -9999 -9999 -9999 -9999 -9999 -9999 -9999 -9999 -9999 -9999 -9999 -9999 -9999 -9999 -9999 -9999 -9999 -9999 -9999 -9999 -9999 -9999 -9999 21 21 21 21 21 21 21 21 21 38 37 77 77 77 77 76 229 107 141 141 141 107 139 139 107 107 76 76 76 46 107 76 64 77 107 107 141 65 201 221 230 65 65 231 71 71 83 223 80 232 226 233 233 234 234 235 37 38 21 21 21 -9999 -9999 -9999
-9999 -9999 -9999 -9999 -9999 -9999 -9999 -9999 -9999 -9999 -9999 -9999 -9999 -9999 -9999 -9999 -9999 -9999 -9999 -9999 -9999 -9999 -9999 -9999 -9999 21 14 21 21 21 21 21 21 21 21 38 37 219 77 77 77 76 236 237 141 141 107 107 139 139 111 106 238 97 97 127 127 76 76 64 95 95 141 65 65 65 197 58 65 71 71 83 83 80 226 81 226 233 20 234 234 239 37 21 21 21 21 -9999 -9999 -9999
-9999 -9999 -9999 -9999 -9999 -9999 -9999 -9999 -9999 -9999 -9999 -9999 -9999 -9999 -9999 -9999 -9999 -9999 -9999 -9999 -9999 -9999 -9999 9 14 21 21 21 21 21 21 21 21 21 21 37 42 229 77 76 76 103 240 241 111 106 97 97 97 242 57 57 57 238 127 107 127 127 107 127 127 107 178 71 58 65 150 71 71 71 223 64 80 226 77 81 234 20 20 243 244 245 49 21 21 21 21 -9999 -9999 -9999
-9999 -9999 -9999 -9999 -9999 -9999 -9999 -9999 -9999 -9999 -9999 -9999 -9999 -9999 -9999 -9999 -9999 -9999 -9999 -9999 -9999 -9999 9 14 14 14 21 21 21 21 21 21 21 21 38 37 229 64 206 76 64 122 240 246 247 247 248 126 113 138 111 57 242 139 139 127 76 43 127 127 107 178 249 71 58 150 71 223 71 223 250 97 76 77 251 252 253 254 255 256 257 42 37 21 21 21 -9999 -9999 -9999 -9999
-9999 -9999 -9999 -9999 -9999 -9999 -9999 -9999 -9999 -9999 -9999 -9999 -9999 -9999 -9999 9 -9999 9 9 9 9 9 9 14 14 14 14 21 21 21 21 21 21 38 37 37 258 217 206 97 246 113 246 246 259 260 261 261 260 138 138 262 242 57 155 139 43 142 106 127 193 249 263 71 58 58 58 80 223 64 226 226 77 264 265 266 267 268 256 269 270 173 271 21 21 21 -9999 -9999 -9999 -9999
-9999 -9999 -9999 -9999 -9999 -9999 -9999 -9999 -9999 -9999 -9999 -9999 -9999 -9999 -9999 3 9 9 9 9 3 9 9 9 9 14 14 14 14 21 21 21 38 37 37 42 97 217 226 246 246 246 259 272 273 272 272 274 275 276 118 260 277 277 57 169 168 194 52 106 278 65 71 70 71 71 279 280 281 226 217 77 282 283 284 285 286 287 288 289 269 290 21 21 21 21 -9999 -9999 -9999 -9999
-9999 -9999 -9999 -9999 -9999 -9999 -9999 -9999 -9999 -9999 -9999 -9999 -9999 -9999 9 9 9 9 3 3 9 9 9 9 14 14 14 14 14 14 14 14 37 37 37 42 81 226 80 291 259 292 293 274 273 273 272 294 295 117 102 118 118 296 57 169 169 57 57 106 76 58 71 83 58 297 298 281 223 223 77 299 282 300 301 302 303 304 305 306 37 37 21 21 21 -9999 -9999 -9999 -9999 -9999
-9999 -9999 -9999 -9999 -9999 -9999 -9999 -9999 -9999 -9999 -9999 -9999 -9999 9 3 9 3 3 3 3 9 3 9 9 9 14 14 14 14 14 14 189 37 37 42 42 223 80 94 90 90 307 274 274 273 272 308 295 309 117 310 310 311 311 242 242 312 296 57 153 70 87 80 80 313 80 314 297 315 316 317 318 319 320 256 321 322 323 324 37 37 37 21 -9999 -9999 -9999 -9999 -9999 -9999 -9999
-9999 -9999 -9999 -9999 -9999 -9999 -9999 -9999 -9999 -9999 -9999 -9999 -9999 3 3 3 9 3 3 3 3 3 9 9 9 9 9 9 9 14 14 32 32 32 28 217 223 80 80 86 325 272 309 272 272 272 326 327 295 117 118 311 311 220 328 102 329 153 312 330 331 332 332 80 223 223 333 316 334 335 336 318 337 337 338 339 340 341 32 42 42 21 14 -9999 -9999 -9999 -9999 -9999 -9999 -9999
-9999 -9999 -9999 -9999 -9999 -9999 -9999 -9999 -9999 -9999 -9999 -9999 3 3 3 3 3 3 3 3 3 3 3 3 9 9 9 9 9 9 73 32 32 28 226 223 223 80 281 86 342 274 309 343 273 259 272 344 308 117 311 311 310 296 296 329 345 63 345 332 346 347 80 348 58 349 334 334 335 350 350 283 284 351 351 352 42 32 32 32 14 -9999 -9999 -9999 -9999 -9999 -9999 -9999 -9999 -9999
-9999 -9999 -9999 -9999 -9999 -9999 -9999 -9999 -9999 -9999 -9999 3 3 3 3 3 3 3 3 3 3 3 3 3 9 9 9 9 9 73 85 353 354 225 355 356 357 281 232 86 294 272 272 272 272 272 358 359 308 360 138 296 329 361 362 363 364 365 332 332 332 347 58 348 366 335 335 336 367 368 368 283 301 369 370 371 42 37 32 14 9 -9999 -9999 -9999 -9999 -9999 -9999 -9999 -9999 -9999
-9999 -9999 -9999 -9999 -9999 -9999 -9999 -9999 -9999 -9999 -9999 3 3 3 3 3 3 3 3 3 3 3 3 3 3 9 9 9 73 372 373 373 374 375 297 281 281 297 354 376 377 378 358 358 358 379 380 359 144 144 342 381 359 382 382 382 294 143 383 384 385 386 387 387 388 389 390 391 367 368 367 392 393 286 394 395 42 37 32 14 -9999 -9999 -9999 -9999 -9999 -9999 -9999 -9999 -9999 -9999
-9999 -9999 -9999 -9999 -9999 -9999 -9999 -9999 -9999 -9999 -9999 3 3 3 3 92 92 92 3 3 3 3 3 3 3 3 34 396 397 398 399 399 400 401 402 86 86 354 354 332 403 403 358 358 358 404 405 406 407 408 409 410 411 411 412 413 414 344 359 415 229 20 20 416 417 392 418 350 419 420 420 420 173 173 173 421 422 37 14 14 -9999 -9999 -9999 -9999 -9999 -9999 -9999 -9999 -9999 -9999
-9999 -9999 -9999 -9999 -9999 -9999 -9999 -9999 -9999 -9999 4 3 92 92 92 92 92 92 3 3 3 3 3 3 3 34 423 424 425 426 427 424 399 400 374 428 429 430 86 431 432 359 433 434 434 435 436 437 438 439 440 441 441 411 442 443 412 444 415 20 20 445 416 269 269 446 447 420 420 448 448 448 49 173 449 450 451 189 14 9 -9999 -9999 -9999 -9999 -9999 -9999 -9999 -9999 -9999 -9999
-9999 -9999 -9999 -9999 -9999 -9999 -9999 -9999 -9999 -9999 4 4 92 92 92 92 92 92 92 92 3 3 3 3 3 39 452 453 454 455 456 457 424 397 373 458 459 430 460 363 432 359 433 461 462 463 464 465 465 466 467 468 469 443 443 412 470 471 143 20 254 472 473 474 339 475 420 448 448 448 448 49 49 49 42 476 37 14 14 9 -9999 -9999 -9999 -9999 -9999 -9999 -9999 -9999 -9999 -9999
-9999 -9999 -9999 -9999 -9999 -9999 92 4 -9999 -9999 -9999 4 92 92 92 92 92 92 92 92 3 3 3 3 3 39 477 478 479 480 481 482 424 424 423 483 484 485 484 485 380 344 359 462 486 487 488 469 408 489 466 490 442 491 492 493 494 495 20 496 497 498 499 500 501 28 37 49 502 50 29 29 29 49 37 37 503 14 9 9 -9999 -9999 -9999 -9999 -9999 -9999 -9999 -9999 -9999 -9999
-9999 -9999 -9999 -9999 -9999 92 92 92 92 92 92 92 92 92 92 92 92 92 92 92 92 3 3 3 3 504 505 506 507 508 508 478 478 478 509 510 511 405 512 513 514 359 404 515 516 517 518 519 520 521 522 523 524 525 526 527 528 45 529 62 530 531 532 533 39 39 32 37 38 29 29 29 21 21 21 14 14 9 9 -9999 -9999 -9999 -9999 -9999 -9999 -9999 -9999 -9999 -9999 -9999
-9999 -9999 -9999 92 92 -9999 92 92 92 92 92 92 92 92 92 92 92 92 92 92 92 92 3 4 3 4 8 534 534 534 535 536 537 537 538 539 540 541 542 543 537 544 545 546 547 548 549 550 551 552 553 554 555 556 557 558 559 529 560 561 562 563 564 565 566 23 73 37 21 21 21 21 14 14 14 14 9 9 -9999 -9999 -9999 -9999 -9999 -9999 -9999 -9999 -9999 -9999 -9999 -9999
-9999 -9999 -9999 92 92 -9999 -9999 -9999 92 92 92 92 92 92 92 92 92 92 92 92 92 92 3 4 4 4 10 8 23 23 23 567 568 569 537 570 570 571 380 572 573 572 545 572 574 575 576 577 578 579 580 581 582 583 442 442 584 45 96 585 465 465 465 586 587 588 589 32 14 14 14 14 14 14 9 -9999 -9999 -9999 -9999 -9999 -9999 -9999 -9999 -9999 -9999 -9999 -9999 -9999 -9999 -9999
-9999 -9999 -9999 -9999 -9999 -9999 -9999 -9999 -9999 92 92 92 92 92 92 92 92 92 92 92 92 92 92 4 4 4 10 8 22 590 590 590 23 591 592 574 574 593 572 572 594 572 359 572 461 461 575 576 595 596 597 598 599 600 412 601 602 36 45 603 604 465 605 606 607 608 34 3 3 9 14 14 14 -9999 -9999 -9999 -9999 -9999 -9999 -9999 -9999 -9999 -9999 -9999 -9999 -9999 -9999 -9999 -9999 -9999
-9999 -9999 -9999 -9999 -9999 92 92 -9999 -9999 -9999 92 92 92 92 92 92 92 92 92 92 92 92 92 92 4 4 33 22 22 609 610 611 610 612 613 614 614 615 461 574 574 593 616 617 618 619 620 621 622 623 624 625 622 626 627 628 45 45 629 630 631 632 633 634 634 635 110 3 3 3 4 -9999 -9999 -9999 -9999 -9999 -9999 -9999 -9999 -9999 -9999 -9999 -9999 -9999 -9999 -9999 -9999 -9999 -9999 -9999
-9999 -9999 -9999 -9999 -9999 -9999 -9999 -9999 92 92 92 92 92 92 92 92 92 92 92 92 92 92 92 92 92 92 92 636 636 636 636 636 637 637 610 610 638 639 640 641 642 642 643 644 645 646 647 648 621 649 595 650 651 490 468 542 20 560 652 653 654 633 655 656 634 73 3 4 4 -9999 -9999 -9999 -9999 -9999 -9999 -9999 -9999 -9999 -9999 -9999 -9999 -9999 -9999 -9999 -9999 -9999 -9999 -9999 -9999 -9999
-9999 -9999 -9999 -9999 -9999 -9999 -9999 -9999 -9999 92 92 92 92 92 92 92 92 92 92 92 92 92 92 92 92 92 92 92 636 636 636 636 636 636 636 636 611 611 611 611 657 658 659 648 660 619 661 595 621 662 650 663 663 664 665 20 666 667 668 669 670 671 672 673 674 3 4 4 -9999 -9999 -9999 -9999 -9999 -9999 -9999 -9999 -9999 -9999 -9999 -9999 -9999 -9999 -9999 -9999 -9999 -9999 -9999 -9999 -9999 -9999
-9999 -9999 -9999 -9999 -9999 -9999 -9999 -9999 -9999 92 92 92 92 92 92 92 92 92 92 92 92 92 92 92 92 92 92 92 675 636 636 636 636 636 636 636 636 636 636 611 611 676 677 678 621 679 621 680 681 682 682 682 547 439 547 243 683 684 685 606 686 686 672 671 687 3 4 -9999 -9999 -9999 -9999 -9999 -9999 -9999 -9999 -9999 -9999 -9999 -9999 -9999 -9999 -9999 -9999 -9999 -9999 -9999 -9999 -9999 -9999 -9999
-9999 -9999 -9999 -9999 -9999 -9999 -9999 -9999 92 92 92 92 92 92 92 92 92 92 92 92 92 92 92 92 92 92 92 92 92 92 675 675 675 675 675 636 636 636 636 636 636 611 688 689 690 691 692 624 693 681 694 695 439 696 697 683 656 698 699 670 686 686 686 700 99 3 4 -9999 -9999 -9999 -9999 -9999 -9999 -9999 -9999 -9999 -9999 -9999 -9999 -9999 -9999 -9999 -9999 -9999 -9999 -9999 -9999 -9999 -9999 -9999
-9999 -9999 -9999 -9999 -9999 -9999 -9999 92 92 92 92 92 92 92 92 92 92 92 92 92 92 92 92 92 92 92 92 92 92 92 92 92 92 92 92 92 92 675 675 636 636 636 611 701 702 703 704 705 621 706 707 708 709 710 683 711 712 698 713 714 686 686 686 73 9 4 2 -9999 -9999 -9999 -9999 -9999 -9999 -9999 -9999 -9999 -9999 -9999 -9999 -9999 -9999 -9999 -9999 -9999 -9999 -9999 -9999 -9999 -9999 -9999
-9999 -9999 -9999 -9999 -9999 -9999 92 92 92 92 92 92 92 92 92 92 92 92 92 92 92 92 92 92 92 92 92 92 92 92 92 92 92 92 92 92 92 92 92 92 675 636 636 715 716 716 702 717 680 273 718 719 236 720 656 698 698 698 686 686 686 698 687 3 4 2 -9999 -9999 -9999 -9999 -9999 -9999 -9999 -9999 -9999 -9999 -9999 -9999 -9999 -9999 -9999 -9999 -9999 -9999 -9999 -9999 -9999 -9999 -9999 -9999
-9999 -9999 -9999 -9999 92 92 92 92 92 92 92 92 92 92 92 675 675 675 675 675 675 675 675 92 92 92 92 92 92 92 92 92 92 92 92 92 92 92 92 92 92 675 636 716 716 721 722 723 724 148 148 725 726 711 698 698 698 698 686 686 686 727 110 92 -9999 -9999 -9999 -9999 -9999 -9999 -9999 -9999 -9999 -9999 -9999 -9999 -9999 -9999 -9999 -9999 -9999 -9999 -9999 -9999 -9999 -9999 -9999 -9999 -9999 -9999
-9999 -9999 -9999 92 92 92 92 92 92 92 92 92 636 636 636 636 636 636 636 636 636 636 675 675 92 92 92 92 92 92 92 92 92 92 92 92 92 92 92 92 92 675 636 728 729 730 731 732 733 148 734 734 683 698 698 698 686 686 686 686 686 636 92 92 -9999 -9999 -9999 -9999 -9999 -9999 -9999 -9999 -9999 -9999 -9999 -9999 -9999 -9999 -9999 -9999 -9999 -9999 -9999 -9999 -9999 -9999 -9999 -9999 -9999 -9999
-9999 -9999 92 92 92 92 92 92 636 636 636 465 465 465 465 465 735 735 636 636 636 636 636 675 92 92 92 92 92 92 92 92 92 92 92 92 92 92 92 92 92 636 611 736 737 724 732 733 733 738 739 740 698 741 698 686 741 465 686 465 636 92 92 92 -9999 -9999 -9999 -9999 -9999 -9999 -9999 -9999 -9999 -9999 -9999 -9999 -9999 -9999 -9999 -9999 -9999 -9999 -9999 -9999 -9999 -9999 -9999 -9999 -9999 -9999
-9999 92 92 92 92 92 92 636 636 465 465 465 465 465 611 611 611 636 636 636 636 636 636 675 92 92 92 92 92 92 92 92 92 92 92 92 92 92 92 92 92 636 742 667 738 698 743 743 744 698 745 745 741 745 686 741 465 465 465 636 92 92 92 92 -9999 -9999 -9999 -9999 -9999 -9999 -9999 -9999 -9999 -9999 -9999 -9999 -9999 -9999 -9999 -9999 -9999 -9999 -9999 -9999 -9999 -9999 -9999 -9999 -9999 -9999
92 92 92 92 92 92 636 636 465 465 465 465 465 465 611 611 611 611 611 636 636 636 636 636 675 675 675 735 465 636 92 92 92 92 92 92 92 92 92 92 636 636 746 747 748 465 465 465 741 749 749 741 741 741 741 465 465 465 636 92 92 92 -9999 -9999 -9999 -9999 -9999 -9999 -9999 -9999 -9999 -9999 -9999 -9999 -9999 -9999 -9999 -9999 -9999 -9999 -9999 -9999 -9999 -9999 -9999 -9999 -9999 -9999 -9999 -9999
92 92 92 92 92 92 735 465 465 465 465 465 465 465 465 465 465 465 611 611 636 636 636 636 636 636 465 465 465 636 636 92 92 92 92 92 92 92 92 675 735 465 465 465 465 465 465 713 749 741 750 465 465 465 465 465 465 636 92 92 92 -9999 -9999 -9999 -9999 -9999 -9999 -9999 -9999 -9999 -9999 -9999 -9999 -9999 -9999 -9999 -9999 -9999 -9999 -9999 -9999 -9999 -9999 -9999 -9999 -9999 -9999 -9999 -9999 -9999
92 92 92 92 92 636 465 465 465 465 465 465 465 465 465 465 465 465 611 611 611 636 636 636 636 611 465 465 465 735 636 636 92 92 92 92 92 92 92 465 465 465 465 465 465 465 465 741 745 750 465 465 465 465 465 465 611 92 92 92 92 -9999 -9999 -9999 -9999 -9999 -9999 -9999 -9999 -9999 -9999 -9999 -9999 -9999 -9999 -9999 -9999 -9999 -9999 -9999 -9999 -9999 -9999 -9999 -9999 -9999 -9999 -9999 -9999 -9999
92 92 92 92 92 636 465 465 465 465 465 465 465 465 465 465 465 465 611 611 611 611 636 636 611 611 465 465 465 465 465 735 675 92 92 92 92 92 92 636 465 465 465 465 465 465 751 741 465 465 465 465 465 465 465 465 675 92 92 92 -9999 -9999 -9999 -9999 -9999 -9999 -9999 -9999 -9999 -9999 -9999 -9999 -9999 -9999 -9999 -9999 -9999 -9999 -9999 -9999 -9999 -9999 -9999 -9999 -9999 -9999 -9999 -9999 -9999 -9999
