model_scripts/mantelliABC_v6_model_yR/splatche3input/oriworld_model_yR.asc
NCOLS 90
NROWS 94
XLLCORNER 171.583333333333
YLLCORNER -41.6666666666667
CELLSIZE 0.0833333333333333
NODATA_value -9999
[rows 43 to 85 of 94, columns 0 to 89 of 90]
-9999 -9999 -9999 -9999 -9999 -9999 -9999 -9999 -9999 -9999 -9999 -9999 -9999 -9999 -9999 -9999 -9999 -9999 -9999 -9999 -9999 -9999 -9999 -9999 -9999 -9999 -9999 -9999 -9999 -9999 -9999 -9999 3 3 88 73 85 81 97 76 76 126 153 150 146 77 77 116 116 154 65 95 155 156 157 49 49 29 29 29 -9999 -9999 -9999 -9999 -9999 -9999 -9999 21 -9999 -9999 -9999 -9999 -9999 -9999 -9999 -9999 14 14 14 14 14 -9999 -9999 -9999 -9999 -9999 -9999 -9999 14 -9999
-9999 -9999 -9999 -9999 -9999 -9999 -9999 -9999 -9999 -9999 -9999 -9999 -9999 -9999 -9999 -9999 -9999 -9999 -9999 -9999 -9999 -9999 -9999 -9999 -9999 -9999 -9999 -9999 -9999 -9999 -9999 3 3 9 9 73 73 81 97 76 76 126 126 126 150 150 150 116 116 116 158 65 159 160 48 161 49 49 49 29 29 -9999 -9999 -9999 -9999 -9999 162 162 -9999 -9999 -9999 -9999 -9999 -9999 14 14 163 64 163 164 164 32 32 14 -9999 -9999 14 32 14 -9999
-9999 -9999 -9999 -9999 -9999 -9999 -9999 -9999 -9999 -9999 -9999 -9999 -9999 -9999 -9999 -9999 -9999 -9999 -9999 -9999 -9999 -9999 -9999 -9999 -9999 -9999 -9999 -9999 -9999 -9999 -9999 3 9 9 9 73 73 28 97 97 76 76 76 126 46 47 47 116 116 116 77 65 98 165 166 166 157 167 168 49 29 29 29 29 29 29 21 21 -9999 21 21 14 14 14 169 170 171 171 104 77 77 172 173 174 32 14 14 32 14 14
-9999 -9999 -9999 -9999 -9999 -9999 -9999 -9999 -9999 -9999 -9999 -9999 -9999 -9999 -9999 -9999 -9999 -9999 -9999 -9999 -9999 -9999 -9999 -9999 -9999 -9999 -9999 -9999 -9999 -9999 -9999 9 9 9 9 88 73 28 81 97 103 104 126 126 107 43 43 116 116 116 116 58 65 137 138 138 138 165 48 175 49 49 49 49 29 21 21 21 21 21 21 176 32 106 71 71 177 95 148 149 178 153 150 179 32 21 21 21 21 -9999
-9999 -9999 -9999 -9999 -9999 -9999 -9999 -9999 -9999 -9999 -9999 -9999 -9999 -9999 -9999 -9999 -9999 -9999 -9999 -9999 -9999 -9999 -9999 -9999 -9999 -9999 -9999 -9999 -9999 -9999 9 9 9 9 14 14 32 28 81 103 76 76 106 46 107 180 47 77 46 116 116 77 65 95 107 65 137 165 48 48 48 175 49 37 37 38 37 37 37 37 37 28 181 71 71 58 58 182 183 184 185 150 186 187 38 21 21 -9999 -9999 -9999
-9999 -9999 -9999 -9999 -9999 -9999 -9999 -9999 -9999 -9999 -9999 -9999 -9999 -9999 -9999 -9999 -9999 -9999 -9999 -9999 -9999 -9999 -9999 -9999 -9999 -9999 -9999 -9999 -9999 -9999 14 9 14 14 14 14 32 28 64 76 77 95 95 107 46 165 48 46 46 116 116 116 58 65 65 65 95 60 138 165 165 188 48 189 167 190 37 37 37 42 42 172 71 71 58 191 192 193 76 77 194 195 196 37 21 21 21 -9999 -9999 -9999
-9999 -9999 -9999 -9999 -9999 -9999 -9999 -9999 -9999 -9999 -9999 -9999 -9999 -9999 -9999 -9999 -9999 -9999 -9999 -9999 -9999 -9999 -9999 -9999 -9999 -9999 -9999 -9999 -9999 21 14 14 14 14 14 176 37 42 76 77 76 76 77 107 107 197 198 46 116 116 116 116 58 58 58 58 65 95 95 95 95 95 165 165 165 165 199 153 153 153 181 200 71 83 71 201 202 203 204 64 204 205 37 21 21 21 21 -9999 -9999 -9999
-9999 -9999 -9999 -9999 -9999 -9999 -9999 -9999 -9999 -9999 -9999 -9999 -9999 -9999 -9999 -9999 -9999 -9999 -9999 -9999 -9999 -9999 -9999 -9999 -9999 -9999 -9999 -9999 21 21 21 21 21 21 21 38 37 42 77 77 206 77 76 107 107 137 107 77 116 116 107 95 77 76 76 46 207 77 207 95 95 180 165 208 188 180 209 138 43 178 200 71 71 210 211 202 212 204 213 213 214 215 37 38 21 21 21 -9999 -9999 -9999
-9999 -9999 -9999 -9999 -9999 -9999 -9999 -9999 -9999 -9999 -9999 -9999 -9999 -9999 -9999 -9999 -9999 -9999 -9999 -9999 -9999 -9999 -9999 -9999 -9999 -9999 21 21 21 21 21 21 21 21 21 38 37 77 77 77 77 76 216 107 137 137 137 107 116 116 107 107 76 76 76 46 107 76 64 77 107 107 137 65 188 208 217 65 65 218 71 71 83 210 80 219 213 220 220 221 221 222 37 38 21 21 21 -9999 -9999 -9999
-9999 -9999 -9999 -9999 -9999 -9999 -9999 -9999 -9999 -9999 -9999 -9999 -9999 -9999 -9999 -9999 -9999 -9999 -9999 -9999 -9999 -9999 -9999 -9999 -9999 21 14 21 21 21 21 21 21 21 21 38 37 206 77 77 77 76 223 224 137 137 107 107 116 116 111 106 225 97 97 126 126 76 76 64 95 95 137 65 65 65 184 58 65 71 71 83 83 80 213 81 213 220 20 221 221 226 37 21 21 21 21 -9999 -9999 -9999
-9999 -9999 -9999 -9999 -9999 -9999 -9999 -9999 -9999 -9999 -9999 -9999 -9999 -9999 -9999 -9999 -9999 -9999 -9999 -9999 -9999 -9999 -9999 9 14 21 21 21 21 21 21 21 21 21 21 37 42 216 77 76 76 103 227 228 111 106 97 97 97 116 57 57 57 225 126 107 126 126 107 126 126 107 165 71 58 65 142 71 71 71 210 64 80 213 77 81 221 20 20 229 230 231 49 21 21 21 21 -9999 -9999 -9999
-9999 -9999 -9999 -9999 -9999 -9999 -9999 -9999 -9999 -9999 -9999 -9999 -9999 -9999 -9999 -9999 -9999 -9999 -9999 -9999 -9999 -9999 9 14 14 14 21 21 21 21 21 21 21 21 38 37 216 64 193 76 64 121 227 232 233 233 234 125 113 116 111 57 116 116 116 126 76 43 126 126 107 165 235 71 58 142 71 210 71 210 236 97 76 77 237 238 239 240 241 242 243 42 37 21 21 21 -9999 -9999 -9999 -9999
-9999 -9999 -9999 -9999 -9999 -9999 -9999 -9999 -9999 -9999 -9999 -9999 -9999 -9999 -9999 9 -9999 9 9 9 9 9 9 14 14 14 14 21 21 21 21 21 21 38 37 37 244 204 193 97 232 113 232 232 245 246 247 247 246 116 116 116 116 57 116 116 43 138 106 126 180 235 248 71 58 58 58 80 210 64 213 213 77 249 250 251 252 253 242 254 255 161 256 21 21 21 -9999 -9999 -9999 -9999
-9999 -9999 -9999 -9999 -9999 -9999 -9999 -9999 -9999 -9999 -9999 -9999 -9999 -9999 -9999 3 9 9 9 9 3 9 9 9 9 14 14 14 14 21 21 21 38 37 37 42 97 204 213 232 232 232 245 257 258 257 257 259 260 261 118 246 262 262 57 116 116 181 52 106 263 65 71 70 71 71 264 265 266 213 204 77 267 268 269 270 271 272 273 274 254 275 21 21 21 21 -9999 -9999 -9999 -9999
-9999 -9999 -9999 -9999 -9999 -9999 -9999 -9999 -9999 -9999 -9999 -9999 -9999 -9999 9 9 9 9 3 3 9 9 9 9 14 14 14 14 14 14 14 14 37 37 37 42 81 213 80 276 245 277 278 259 258 258 257 279 280 117 102 118 118 281 57 116 116 57 57 106 76 58 71 83 58 282 283 266 210 210 77 284 267 285 286 287 288 289 290 291 37 37 21 21 21 -9999 -9999 -9999 -9999 -9999
-9999 -9999 -9999 -9999 -9999 -9999 -9999 -9999 -9999 -9999 -9999 -9999 -9999 9 3 9 3 3 3 3 9 3 9 9 9 14 14 14 14 14 14 176 37 37 42 42 210 80 94 90 90 292 259 259 258 257 293 280 294 117 295 295 296 296 116 116 297 281 57 145 70 87 80 80 298 80 299 282 300 301 302 303 304 305 242 306 307 308 309 37 37 37 21 -9999 -9999 -9999 -9999 -9999 -9999 -9999
-9999 -9999 -9999 -9999 -9999 -9999 -9999 -9999 -9999 -9999 -9999 -9999 -9999 3 3 3 9 3 3 3 3 3 9 9 9 9 9 9 9 14 14 32 32 32 28 204 210 80 80 86 310 257 294 257 257 257 311 312 280 117 118 296 296 207 313 102 314 145 297 315 316 317 317 80 210 210 318 301 319 320 321 303 322 322 323 324 325 326 32 42 42 21 14 -9999 -9999 -9999 -9999 -9999 -9999 -9999
-9999 -9999 -9999 -9999 -9999 -9999 -9999 -9999 -9999 -9999 -9999 -9999 3 3 3 3 3 3 3 3 3 3 3 3 9 9 9 9 9 9 73 32 32 28 213 210 210 80 266 86 327 259 294 328 258 245 257 329 293 117 296 296 295 281 281 314 330 63 330 317 331 332 80 333 58 334 319 319 320 335 335 268 269 336 336 337 42 32 32 32 14 -9999 -9999 -9999 -9999 -9999 -9999 -9999 -9999 -9999
-9999 -9999 -9999 -9999 -9999 -9999 -9999 -9999 -9999 -9999 -9999 3 3 3 3 3 3 3 3 3 3 3 3 3 9 9 9 9 9 73 85 338 339 212 340 341 342 266 219 86 279 257 257 257 257 257 343 344 293 116 116 281 314 345 346 347 348 349 317 317 317 332 58 333 350 320 320 321 351 352 352 268 286 353 354 355 42 37 32 14 9 -9999 -9999 -9999 -9999 -9999 -9999 -9999 -9999 -9999
-9999 -9999 -9999 -9999 -9999 -9999 -9999 -9999 -9999 -9999 -9999 3 3 3 3 3 3 3 3 3 3 3 3 3 3 9 9 9 73 356 357 357 358 359 282 266 266 282 339 360 361 362 343 343 343 363 364 344 116 116 327 365 344 366 366 366 279 139 367 368 369 370 371 371 372 373 374 375 351 352 351 376 377 271 378 379 42 37 32 14 -9999 -9999 -9999 -9999 -9999 -9999 -9999 -9999 -9999 -9999
-9999 -9999 -9999 -9999 -9999 -9999 -9999 -9999 -9999 -9999 -9999 3 3 3 3 92 92 92 3 3 3 3 3 3 3 3 34 380 381 382 383 383 384 385 386 86 86 339 339 317 387 387 343 343 343 388 389 390 116 116 391 392 116 116 116 393 394 329 344 395 216 20 20 396 397 376 398 335 399 400 400 400 161 161 161 401 402 37 14 14 -9999 -9999 -9999 -9999 -9999 -9999 -9999 -9999 -9999 -9999
-9999 -9999 -9999 -9999 -9999 -9999 -9999 -9999 -9999 -9999 4 3 92 92 92 92 92 92 3 3 3 3 3 3 3 34 403 404 405 406 407 404 383 384 358 408 409 410 86 411 412 344 413 414 414 415 416 116 116 417 418 116 116 116 116 116 419 420 395 20 20 421 396 254 254 422 423 400 400 424 424 424 49 161 425 426 427 176 14 9 -9999 -9999 -9999 -9999 -9999 -9999 -9999 -9999 -9999 -9999
-9999 -9999 -9999 -9999 -9999 -9999 -9999 -9999 -9999 -9999 4 4 92 92 92 92 92 92 92 92 3 3 3 3 3 39 428 429 430 431 432 433 404 381 357 434 435 410 436 347 412 344 413 437 438 439 440 116 116 116 116 116 441 442 116 116 443 444 139 20 240 445 446 447 324 448 400 424 424 424 424 49 49 49 42 449 37 14 14 9 -9999 -9999 -9999 -9999 -9999 -9999 -9999 -9999 -9999 -9999
-9999 -9999 -9999 -9999 -9999 -9999 92 4 -9999 -9999 -9999 4 92 92 92 92 92 92 92 92 3 3 3 3 3 39 450 451 452 453 454 455 404 404 403 456 457 458 457 458 364 329 344 438 459 460 461 441 462 463 464 465 466 467 116 116 468 469 20 470 471 472 473 474 475 28 37 49 476 50 29 29 29 49 37 37 477 14 9 9 -9999 -9999 -9999 -9999 -9999 -9999 -9999 -9999 -9999 -9999
-9999 -9999 -9999 -9999 -9999 92 92 92 92 92 92 92 92 92 92 92 92 92 92 92 92 3 3 3 3 478 479 480 481 482 482 451 451 451 483 484 485 389 486 487 488 344 388 489 490 491 492 493 494 495 496 497 498 499 116 116 500 45 501 62 502 503 504 505 39 39 32 37 38 29 29 29 21 21 21 14 14 9 9 -9999 -9999 -9999 -9999 -9999 -9999 -9999 -9999 -9999 -9999 -9999
-9999 -9999 -9999 92 92 -9999 92 92 92 92 92 92 92 92 92 92 92 92 92 92 92 92 3 4 3 4 8 506 506 506 507 508 509 509 510 511 512 513 514 515 509 516 517 518 519 520 521 522 523 524 525 526 527 528 116 529 530 501 531 532 533 534 535 536 537 23 73 37 21 21 21 21 14 14 14 14 9 9 -9999 -9999 -9999 -9999 -9999 -9999 -9999 -9999 -9999 -9999 -9999 -9999
-9999 -9999 -9999 92 92 -9999 -9999 -9999 92 92 92 92 92 92 92 92 92 92 92 92 92 92 3 4 4 4 10 8 23 23 23 538 539 540 509 541 541 542 364 543 544 543 517 543 545 546 547 548 549 550 551 552 553 554 116 466 555 45 96 556 116 116 116 557 558 559 560 32 14 14 14 14 14 14 9 -9999 -9999 -9999 -9999 -9999 -9999 -9999 -9999 -9999 -9999 -9999 -9999 -9999 -9999 -9999
-9999 -9999 -9999 -9999 -9999 -9999 -9999 -9999 -9999 92 92 92 92 92 92 92 92 92 92 92 92 92 92 4 4 4 10 8 22 561 561 561 23 562 563 545 545 564 543 543 565 543 344 543 437 437 546 547 566 567 568 569 570 571 116 572 573 36 45 574 575 116 576 577 578 579 34 3 3 9 14 14 14 -9999 -9999 -9999 -9999 -9999 -9999 -9999 -9999 -9999 -9999 -9999 -9999 -9999 -9999 -9999 -9999 -9999
-9999 -9999 -9999 -9999 -9999 92 92 -9999 -9999 -9999 92 92 92 92 92 92 92 92 92 92 92 92 92 92 4 4 33 22 22 580 581 127 581 582 583 584 584 585 437 545 545 564 586 587 588 589 590 591 592 593 594 595 592 596 116 597 45 45 598 599 600 601 602 603 603 604 110 3 3 3 4 -9999 -9999 -9999 -9999 -9999 -9999 -9999 -9999 -9999 -9999 -9999 -9999 -9999 -9999 -9999 -9999 -9999 -9999 -9999
-9999 -9999 -9999 -9999 -9999 -9999 -9999 -9999 92 92 92 92 92 92 92 92 92 92 92 92 92 92 92 92 92 92 92 112 112 112 112 112 605 605 581 581 606 607 608 609 610 610 611 612 613 614 615 616 591 617 566 618 619 116 116 514 20 531 620 621 622 602 623 624 603 73 3 4 4 -9999 -9999 -9999 -9999 -9999 -9999 -9999 -9999 -9999 -9999 -9999 -9999 -9999 -9999 -9999 -9999 -9999 -9999 -9999 -9999 -9999
-9999 -9999 -9999 -9999 -9999 -9999 -9999 -9999 -9999 92 92 92 92 92 92 92 92 92 92 92 92 92 92 92 92 92 92 92 112 112 112 112 112 112 112 112 127 127 127 127 625 626 627 616 628 589 629 566 591 630 618 631 631 116 632 20 633 634 635 636 637 638 639 640 641 3 4 4 -9999 -9999 -9999 -9999 -9999 -9999 -9999 -9999 -9999 -9999 -9999 -9999 -9999 -9999 -9999 -9999 -9999 -9999 -9999 -9999 -9999 -9999
-9999 -9999 -9999 -9999 -9999 -9999 -9999 -9999 -9999 92 92 92 92 92 92 92 92 92 92 92 92 92 92 92 92 92 92 92 108 112 112 112 112 112 112 112 112 112 112 127 127 642 643 644 591 645 591 646 647 648 648 648 519 116 519 229 649 650 651 577 652 652 639 638 653 3 4 -9999 -9999 -9999 -9999 -9999 -9999 -9999 -9999 -9999 -9999 -9999 -9999 -9999 -9999 -9999 -9999 -9999 -9999 -9999 -9999 -9999 -9999 -9999
-9999 -9999 -9999 -9999 -9999 -9999 -9999 -9999 92 92 92 92 92 92 92 92 92 92 92 92 92 92 92 92 92 92 92 92 92 92 108 108 108 108 108 112 112 112 112 112 112 127 654 655 656 657 658 594 659 647 660 116 116 116 661 649 624 662 663 637 652 652 652 664 99 3 4 -9999 -9999 -9999 -9999 -9999 -9999 -9999 -9999 -9999 -9999 -9999 -9999 -9999 -9999 -9999 -9999 -9999 -9999 -9999 -9999 -9999 -9999 -9999
-9999 -9999 -9999 -9999 -9999 -9999 -9999 92 92 92 92 92 92 92 92 92 92 92 92 92 92 92 92 92 92 92 92 92 92 92 92 92 92 92 92 92 92 108 108 112 112 112 127 665 666 667 668 669 591 670 671 116 672 673 649 674 675 662 676 677 652 652 652 73 9 4 2 -9999 -9999 -9999 -9999 -9999 -9999 -9999 -9999 -9999 -9999 -9999 -9999 -9999 -9999 -9999 -9999 -9999 -9999 -9999 -9999 -9999 -9999 -9999
-9999 -9999 -9999 -9999 -9999 -9999 92 92 92 92 92 92 92 92 92 92 92 92 92 92 92 92 92 92 92 92 92 92 92 92 92 92 92 92 92 92 92 92 92 92 108 112 112 678 679 679 666 680 646 258 116 116 223 681 624 662 662 662 652 652 652 662 653 3 4 2 -9999 -9999 -9999 -9999 -9999 -9999 -9999 -9999 -9999 -9999 -9999 -9999 -9999 -9999 -9999 -9999 -9999 -9999 -9999 -9999 -9999 -9999 -9999 -9999
-9999 -9999 -9999 -9999 92 92 92 92 92 92 92 92 92 92 92 108 108 108 108 108 108 108 108 92 92 92 92 92 92 92 92 92 92 92 92 92 92 92 92 92 92 108 112 679 679 682 683 684 685 116 116 686 687 674 662 662 662 662 652 652 652 688 110 92 -9999 -9999 -9999 -9999 -9999 -9999 -9999 -9999 -9999 -9999 -9999 -9999 -9999 -9999 -9999 -9999 -9999 -9999 -9999 -9999 -9999 -9999 -9999 -9999 -9999 -9999
-9999 -9999 -9999 92 92 92 92 92 92 92 92 92 112 112 112 112 112 112 112 112 112 112 108 108 92 92 92 92 92 92 92 92 92 92 92 92 92 92 92 92 92 108 112 689 690 691 692 693 116 116 694 694 649 662 662 662 652 652 652 652 652 112 92 92 -9999 -9999 -9999 -9999 -9999 -9999 -9999 -9999 -9999 -9999 -9999 -9999 -9999 -9999 -9999 -9999 -9999 -9999 -9999 -9999 -9999 -9999 -9999 -9999 -9999 -9999
-9999 -9999 92 92 92 92 92 92 112 112 112 116 116 116 116 116 152 152 112 112 112 112 112 108 92 92 92 92 92 92 92 92 92 92 92 92 92 92 92 92 92 112 127 695 696 685 693 116 116 697 698 699 662 700 662 652 700 116 652 116 112 92 92 92 -9999 -9999 -9999 -9999 -9999 -9999 -9999 -9999 -9999 -9999 -9999 -9999 -9999 -9999 -9999 -9999 -9999 -9999 -9999 -9999 -9999 -9999 -9999 -9999 -9999 -9999
-9999 92 92 92 92 92 92 112 112 116 116 116 116 116 127 127 127 112 112 112 112 112 112 108 92 92 92 92 92 92 92 92 92 92 92 92 92 92 92 92 92 112 701 634 697 662 116 116 702 662 703 703 700 703 652 700 116 116 116 112 92 92 92 92 -9999 -9999 -9999 -9999 -9999 -9999 -9999 -9999 -9999 -9999 -9999 -9999 -9999 -9999 -9999 -9999 -9999 -9999 -9999 -9999 -9999 -9999 -9999 -9999 -9999 -9999
92 92 92 92 92 92 112 112 116 116 116 116 116 116 127 127 127 127 127 112 112 112 112 112 108 108 108 152 116 112 92 92 92 92 92 92 92 92 92 92 112 112 704 705 706 116 116 116 700 707 707 700 700 700 700 116 116 116 112 92 92 92 -9999 -9999 -9999 -9999 -9999 -9999 -9999 -9999 -9999 -9999 -9999 -9999 -9999 -9999 -9999 -9999 -9999 -9999 -9999 -9999 -9999 -9999 -9999 -9999 -9999 -9999 -9999 -9999
92 92 92 92 92 92 152 116 116 116 116 116 116 116 116 116 116 116 127 127 112 112 112 112 112 112 116 116 116 112 112 92 92 92 92 92 92 92 92 108 152 116 116 116 116 116 116 676 707 700 708 116 116 116 116 116 116 112 92 92 92 -9999 -9999 -9999 -9999 -9999 -9999 -9999 -9999 -9999 -9999 -9999 -9999 -9999 -9999 -9999 -9999 -9999 -9999 -9999 -9999 -9999 -9999 -9999 -9999 -9999 -9999 -9999 -9999 -9999
92 92 92 92 92 112 116 116 116 116 116 116 116 116 116 116 116 116 127 127 127 112 112 112 112 127 116 116 116 152 112 112 92 92 92 92 92 92 92 116 116 116 116 116 116 116 116 700 703 708 116 116 116 116 116 116 127 92 92 92 92 -9999 -9999 -9999 -9999 -9999 -9999 -9999 -9999 -9999 -9999 -9999 -9999 -9999 -9999 -9999 -9999 -9999 -9999 -9999 -9999 -9999 -9999 -9999 -9999 -9999 -9999 -9999 -9999 -9999
92 92 92 92 92 112 116 116 116 116 116 116 116 116 116 116 116 116 127 127 127 127 112 112 127 127 116 116 116 116 116 152 108 92 92 92 92 92 92 112 116 116 116 116 116 116 709 700 116 116 116 116 116 116 116 116 108 92 92 92 -9999 -9999 -9999 -9999 -9999 -9999 -9999 -9999 -9999 -9999 -9999 -9999 -9999 -9999 -9999 -9999 -9999 -9999 -9999 -9999 -9999 -9999 -9999 -9999 -9999 -9999 -9999 -9999 -9999 -9999
