mantelliABC_v6_model_N/splatche3input/oriworld_model_N.asc
NCOLS 90
NROWS 94
XLLCORNER 171.583333333333
YLLCORNER -41.6666666666667
CELLSIZE 0.0833333333333333
NODATA_value -9999
[rows 41 to 81 of 94, columns 0 to 89 of 90]
-9999 -9999 -9999 -9999 -9999 -9999 -9999 -9999 -9999 -9999 -9999 -9999 -9999 -9999 -9999 -9999 -9999 -9999 -9999 -9999 -9999 -9999 -9999 -9999 -9999 -9999 -9999 -9999 -9999 -9999 -9999 4 3 32 65 72 93 62 49 63 58 44 41 114 43 43 92 92 92 115 116 117 117 89 89 118 119 120 -9999 -9999 -9999 -9999 -9999 -9999 -9999 -9999 -9999 -9999 -9999 -9999 -9999 -9999 -9999 -9999 -9999 -9999 -9999 -9999 -9999 -9999 -9999 -9999 -9999 -9999 -9999 -9999 -9999 -9999 -9999 -9999
-9999 -9999 -9999 -9999 -9999 -9999 -9999 -9999 -9999 -9999 -9999 -9999 -9999 -9999 -9999 -9999 -9999 -9999 -9999 -9999 -9999 -9999 -9999 3 -9999 -9999 -9999 -9999 -9999 -9999 -9999 4 3 3 65 65 72 62 52 63 63 121 41 122 123 115 92 92 92 92 92 92 92 102 124 124 124 120 120 -9999 -9999 -9999 -9999 -9999 -9999 -9999 -9999 -9999 -9999 -9999 -9999 -9999 -9999 -9999 -9999 -9999 -9999 -9999 -9999 -9999 -9999 -9999 -9999 -9999 -9999 -9999 -9999 -9999 -9999 -9999
-9999 -9999 -9999 -9999 -9999 -9999 -9999 -9999 -9999 -9999 -9999 -9999 -9999 -9999 -9999 -9999 -9999 -9999 -9999 -9999 -9999 -9999 -9999 -9999 -9999 -9999 -9999 -9999 -9999 -9999 -9999 -9999 3 3 74 65 72 62 52 125 126 126 122 123 123 115 115 92 92 115 117 117 127 128 129 124 124 120 120 120 -9999 -9999 -9999 -9999 -9999 -9999 -9999 130 -9999 -9999 -9999 -9999 -9999 -9999 -9999 -9999 131 131 131 14 14 -9999 -9999 -9999 -9999 -9999 -9999 -9999 14 -9999
-9999 -9999 -9999 -9999 -9999 -9999 -9999 -9999 -9999 -9999 -9999 -9999 -9999 -9999 -9999 -9999 -9999 -9999 -9999 -9999 -9999 -9999 -9999 -9999 -9999 -9999 -9999 -9999 -9999 -9999 -9999 3 3 9 9 65 132 133 134 125 125 125 126 126 123 123 123 92 92 92 135 136 137 138 139 140 141 141 141 142 120 -9999 -9999 -9999 -9999 -9999 143 143 -9999 -9999 -9999 -9999 -9999 -9999 131 131 144 145 144 146 146 147 30 14 -9999 -9999 14 30 14 -9999
-9999 -9999 -9999 -9999 -9999 -9999 -9999 -9999 -9999 -9999 -9999 -9999 -9999 -9999 -9999 -9999 -9999 -9999 -9999 -9999 -9999 -9999 -9999 -9999 -9999 -9999 -9999 -9999 -9999 -9999 -9999 3 9 148 148 132 132 149 134 134 125 125 125 126 115 150 151 92 92 92 152 136 153 154 155 155 156 157 158 141 142 142 142 142 142 142 159 159 -9999 130 130 160 160 131 161 162 163 163 164 115 115 165 166 167 168 160 14 30 14 14
-9999 -9999 -9999 -9999 -9999 -9999 -9999 -9999 -9999 -9999 -9999 -9999 -9999 -9999 -9999 -9999 -9999 -9999 -9999 -9999 -9999 -9999 -9999 -9999 -9999 -9999 -9999 -9999 -9999 -9999 -9999 9 148 148 148 169 132 149 133 134 170 164 125 126 136 171 171 92 92 92 92 152 136 153 172 172 172 154 139 173 141 141 141 141 142 159 159 159 159 159 159 174 168 164 126 126 175 117 150 176 122 122 123 177 168 130 130 130 21 -9999
-9999 -9999 -9999 -9999 -9999 -9999 -9999 -9999 -9999 -9999 -9999 -9999 -9999 -9999 -9999 -9999 -9999 -9999 -9999 -9999 -9999 -9999 -9999 -9999 -9999 -9999 -9999 -9999 -9999 -9999 9 148 148 148 131 131 147 149 133 170 125 126 164 152 136 178 151 152 152 92 92 152 136 136 136 136 153 154 139 139 139 173 141 179 179 180 179 179 179 179 179 181 182 183 183 115 115 184 185 186 187 123 188 189 190 130 130 -9999 -9999 -9999
-9999 -9999 -9999 -9999 -9999 -9999 -9999 -9999 -9999 -9999 -9999 -9999 -9999 -9999 -9999 -9999 -9999 -9999 -9999 -9999 -9999 -9999 -9999 -9999 -9999 -9999 -9999 -9999 -9999 -9999 131 148 131 131 131 131 147 149 145 126 115 117 136 136 152 154 139 152 152 92 92 92 152 136 136 136 136 153 172 154 154 154 139 191 157 192 179 179 179 193 193 194 183 183 152 195 196 195 126 115 197 198 199 200 130 130 130 -9999 -9999 -9999
-9999 -9999 -9999 -9999 -9999 -9999 -9999 -9999 -9999 -9999 -9999 -9999 -9999 -9999 -9999 -9999 -9999 -9999 -9999 -9999 -9999 -9999 -9999 -9999 -9999 -9999 -9999 -9999 -9999 130 160 160 160 160 160 201 200 202 126 115 183 183 152 136 136 203 204 152 92 92 92 92 152 152 152 152 136 136 136 136 136 136 154 154 154 154 205 206 206 206 182 207 183 208 183 209 210 211 212 208 212 213 200 130 130 130 130 -9999 -9999 -9999
-9999 -9999 -9999 -9999 -9999 -9999 -9999 -9999 -9999 -9999 -9999 -9999 -9999 -9999 -9999 -9999 -9999 -9999 -9999 -9999 -9999 -9999 -9999 -9999 -9999 -9999 -9999 -9999 130 130 130 130 130 130 130 190 200 202 115 115 214 152 183 136 136 153 136 152 92 92 136 136 152 183 183 152 215 152 215 136 136 178 154 178 154 178 216 172 171 206 207 183 183 212 217 210 218 212 219 219 220 221 179 190 130 130 130 -9999 -9999 -9999
-9999 -9999 -9999 -9999 -9999 -9999 -9999 -9999 -9999 -9999 -9999 -9999 -9999 -9999 -9999 -9999 -9999 -9999 -9999 -9999 -9999 -9999 -9999 -9999 -9999 -9999 21 130 130 130 130 130 130 130 130 190 200 115 115 152 152 183 222 136 153 153 153 136 92 92 136 136 183 183 183 152 136 183 208 152 136 136 153 136 154 178 205 136 136 223 183 183 208 212 219 224 219 225 225 226 226 227 179 180 159 159 130 -9999 -9999 -9999
-9999 -9999 -9999 -9999 -9999 -9999 -9999 -9999 -9999 -9999 -9999 -9999 -9999 -9999 -9999 -9999 -9999 -9999 -9999 -9999 -9999 -9999 -9999 -9999 -9999 21 14 130 130 130 130 130 130 130 130 190 200 228 115 152 152 183 229 230 153 153 136 136 92 92 231 232 233 234 235 183 183 183 183 208 136 136 153 136 136 136 236 152 136 183 183 208 208 219 219 237 219 225 238 226 226 239 179 159 159 159 159 -9999 -9999 -9999
-9999 -9999 -9999 -9999 -9999 -9999 -9999 -9999 -9999 -9999 -9999 -9999 -9999 -9999 -9999 -9999 -9999 -9999 -9999 -9999 -9999 -9999 -9999 9 14 21 130 130 130 130 130 130 130 130 130 200 202 240 152 183 183 241 229 242 243 207 235 234 234 92 234 234 234 233 244 245 244 246 247 246 246 247 248 246 249 247 236 183 183 183 212 208 219 219 152 237 226 238 238 250 251 252 141 159 159 159 159 -9999 -9999 -9999
-9999 -9999 -9999 -9999 -9999 -9999 -9999 -9999 -9999 -9999 -9999 -9999 -9999 -9999 -9999 -9999 -9999 -9999 -9999 -9999 -9999 -9999 9 14 14 131 130 130 130 130 130 130 130 130 190 200 240 253 195 183 208 254 229 255 254 254 256 257 258 92 231 234 92 92 92 244 244 259 244 244 247 248 260 246 249 261 246 262 246 262 263 235 183 152 264 265 266 267 268 269 270 193 179 159 159 159 -9999 -9999 -9999 -9999
-9999 -9999 -9999 -9999 -9999 -9999 -9999 -9999 -9999 -9999 -9999 -9999 -9999 -9999 -9999 9 -9999 9 9 9 9 9 9 14 14 131 160 130 130 130 130 130 130 190 200 200 271 212 195 235 255 255 255 255 272 273 274 274 273 92 92 92 92 234 92 92 259 275 232 244 276 260 277 246 249 249 249 278 262 279 278 278 152 280 281 282 283 284 269 269 285 140 286 159 159 159 -9999 -9999 -9999 -9999
-9999 -9999 -9999 -9999 -9999 -9999 -9999 -9999 -9999 -9999 -9999 -9999 -9999 -9999 -9999 3 9 9 9 9 3 9 9 9 9 131 160 160 160 130 130 130 190 200 200 202 134 212 219 255 255 255 272 287 288 289 289 290 291 292 293 273 294 294 234 92 92 295 296 232 297 245 244 298 246 246 263 299 300 278 262 249 301 302 303 304 305 306 307 305 269 308 159 159 159 159 -9999 -9999 -9999 -9999
-9999 -9999 -9999 -9999 -9999 -9999 -9999 -9999 -9999 -9999 -9999 -9999 -9999 -9999 9 9 9 9 3 3 9 9 9 9 131 131 131 131 131 131 131 160 200 200 200 202 133 219 219 309 272 310 287 311 288 288 289 312 313 289 273 293 293 314 234 92 92 234 234 232 244 315 244 296 249 316 317 300 262 262 249 318 319 320 321 322 323 324 325 326 179 179 159 159 159 -9999 -9999 -9999 -9999 -9999
-9999 -9999 -9999 -9999 -9999 -9999 -9999 -9999 -9999 -9999 -9999 -9999 -9999 9 3 9 3 3 3 3 9 3 9 9 148 131 131 131 131 131 131 201 200 200 202 202 212 219 327 328 328 311 311 290 288 289 329 313 330 289 331 331 332 332 92 92 257 314 234 333 333 234 334 334 335 278 336 316 337 338 339 340 341 342 269 343 344 345 346 179 179 179 159 -9999 -9999 -9999 -9999 -9999 -9999 -9999
-9999 -9999 -9999 -9999 -9999 -9999 -9999 -9999 -9999 -9999 -9999 -9999 -9999 3 3 3 9 3 3 3 3 3 9 148 148 148 148 148 148 131 131 147 147 168 347 348 212 219 219 349 350 287 351 289 289 289 352 353 313 289 293 332 332 215 354 273 355 333 257 356 356 313 313 334 262 262 357 338 358 359 360 340 361 361 362 363 364 365 366 193 193 159 367 -9999 -9999 -9999 -9999 -9999 -9999 -9999
-9999 -9999 -9999 -9999 -9999 -9999 -9999 -9999 -9999 -9999 -9999 -9999 3 3 3 3 3 3 3 3 3 3 3 368 148 148 148 148 148 148 132 147 147 149 369 370 212 219 371 349 350 311 351 372 288 293 289 373 329 289 332 332 331 314 314 355 374 375 374 313 376 377 334 378 249 379 358 358 360 380 380 302 303 381 381 382 193 366 366 366 367 -9999 -9999 -9999 -9999 -9999 -9999 -9999 -9999 -9999
-9999 -9999 -9999 -9999 -9999 -9999 -9999 -9999 -9999 -9999 -9999 3 3 3 3 3 3 3 3 3 3 3 3 368 148 148 148 148 148 132 383 384 385 386 387 388 389 371 224 349 390 287 287 289 289 289 329 391 329 92 92 314 355 392 392 393 394 291 313 313 313 377 315 395 396 359 359 360 397 398 398 302 321 399 382 363 193 179 366 367 400 -9999 -9999 -9999 -9999 -9999 -9999 -9999 -9999 -9999
-9999 -9999 -9999 -9999 -9999 -9999 -9999 -9999 -9999 -9999 -9999 3 3 3 3 3 3 3 3 3 3 3 3 401 368 148 148 148 132 402 403 404 405 406 407 387 371 224 349 408 390 351 409 329 329 410 411 391 92 92 412 413 391 414 414 414 312 373 415 416 417 418 419 420 421 422 423 424 397 398 397 281 425 305 426 427 193 179 366 367 -9999 -9999 -9999 -9999 -9999 -9999 -9999 -9999 -9999 -9999
-9999 -9999 -9999 -9999 -9999 -9999 -9999 -9999 -9999 -9999 -9999 3 3 3 3 76 76 76 3 3 3 3 3 401 368 401 428 429 430 431 432 432 433 434 435 385 349 349 349 436 437 437 409 409 329 438 439 440 92 92 391 441 92 92 92 442 443 373 391 444 445 444 238 446 321 281 447 380 448 449 449 449 140 140 140 450 451 179 367 367 -9999 -9999 -9999 -9999 -9999 -9999 -9999 -9999 -9999 -9999
-9999 -9999 -9999 -9999 -9999 -9999 -9999 -9999 -9999 -9999 4 3 76 76 76 76 76 76 3 3 3 3 3 401 401 452 453 454 455 456 457 454 432 433 405 458 459 460 349 461 462 463 464 465 465 466 467 92 92 468 469 92 92 92 92 92 470 471 444 444 444 472 446 269 269 473 474 449 449 475 475 475 141 140 476 477 478 174 367 400 -9999 -9999 -9999 -9999 -9999 -9999 -9999 -9999 -9999 -9999
-9999 -9999 -9999 -9999 -9999 -9999 -9999 -9999 -9999 -9999 4 4 76 76 76 76 76 76 76 76 3 3 401 401 401 479 480 481 482 483 484 485 454 430 403 486 487 460 488 489 462 463 464 490 491 492 493 92 92 92 92 92 494 468 92 92 495 496 373 444 267 497 307 498 363 499 449 475 475 475 475 141 141 141 193 500 179 367 367 400 -9999 -9999 -9999 -9999 -9999 -9999 -9999 -9999 -9999 -9999
-9999 -9999 -9999 -9999 -9999 -9999 76 4 -9999 -9999 -9999 4 76 76 76 76 76 76 76 76 3 3 401 401 401 479 501 502 503 504 505 506 454 454 453 507 508 509 508 509 510 511 463 491 512 513 514 515 494 516 517 518 517 519 92 92 520 521 238 497 267 522 523 524 525 181 179 141 526 527 142 142 142 141 179 179 528 367 400 400 -9999 -9999 -9999 -9999 -9999 -9999 -9999 -9999 -9999 -9999
-9999 -9999 -9999 -9999 -9999 76 76 76 76 76 76 76 76 76 76 76 76 76 76 76 76 3 401 401 401 529 530 501 531 532 532 502 502 502 533 534 535 536 537 538 539 463 540 541 542 543 544 545 546 547 548 549 550 551 92 92 521 238 552 553 554 555 556 557 558 558 366 179 180 142 142 142 159 159 159 367 367 400 400 -9999 -9999 -9999 -9999 -9999 -9999 -9999 -9999 -9999 -9999 -9999
-9999 -9999 -9999 76 76 -9999 76 76 76 76 76 76 76 76 76 76 76 76 76 76 76 76 401 559 401 559 560 561 561 561 562 563 564 564 565 566 567 568 510 537 466 569 570 571 572 573 574 575 576 577 578 579 580 581 92 582 541 552 583 584 585 586 587 588 589 590 591 179 159 159 159 159 367 367 367 367 400 400 -9999 -9999 -9999 -9999 -9999 -9999 -9999 -9999 -9999 -9999 -9999 -9999
-9999 -9999 -9999 76 76 -9999 -9999 -9999 76 76 76 76 76 76 76 76 76 76 76 76 76 76 401 559 559 559 592 560 593 593 593 594 595 596 564 597 598 599 510 600 601 600 570 600 602 603 604 605 606 607 608 609 610 611 92 612 613 238 614 615 92 92 92 616 617 618 619 366 367 367 367 367 367 367 400 -9999 -9999 -9999 -9999 -9999 -9999 -9999 -9999 -9999 -9999 -9999 -9999 -9999 -9999 -9999
-9999 -9999 -9999 -9999 -9999 -9999 -9999 -9999 -9999 76 76 76 76 76 76 76 76 76 76 76 76 76 76 559 559 559 592 560 620 621 621 621 593 622 623 624 602 600 600 600 625 600 463 600 490 490 603 604 626 627 628 629 630 631 92 632 633 634 238 635 636 92 637 638 639 640 641 642 642 400 367 367 367 -9999 -9999 -9999 -9999 -9999 -9999 -9999 -9999 -9999 -9999 -9999 -9999 -9999 -9999 -9999 -9999 -9999
-9999 -9999 -9999 -9999 -9999 76 76 -9999 -9999 -9999 76 76 76 76 76 76 76 76 76 76 76 76 76 76 559 559 643 644 644 645 646 102 646 647 648 649 603 465 490 602 602 600 650 651 652 653 654 655 656 657 658 659 656 660 92 661 238 238 662 663 664 665 666 667 667 668 669 642 642 642 670 -9999 -9999 -9999 -9999 -9999 -9999 -9999 -9999 -9999 -9999 -9999 -9999 -9999 -9999 -9999 -9999 -9999 -9999 -9999
-9999 -9999 -9999 -9999 -9999 -9999 -9999 -9999 76 76 76 76 76 76 76 76 76 76 76 76 76 76 76 76 76 76 76 89 89 89 89 89 671 671 646 646 672 673 674 675 676 676 677 678 679 680 681 682 655 683 626 684 685 92 92 510 238 583 686 687 688 666 689 690 667 591 642 670 670 -9999 -9999 -9999 -9999 -9999 -9999 -9999 -9999 -9999 -9999 -9999 -9999 -9999 -9999 -9999 -9999 -9999 -9999 -9999 -9999 -9999
-9999 -9999 -9999 -9999 -9999 -9999 -9999 -9999 -9999 76 76 76 76 76 76 76 76 76 76 76 76 76 76 76 76 76 76 76 89 89 89 89 89 89 89 89 102 102 102 102 691 692 693 682 694 653 695 626 655 696 684 697 697 92 698 238 699 700 701 702 703 704 705 706 707 642 670 670 -9999 -9999 -9999 -9999 -9999 -9999 -9999 -9999 -9999 -9999 -9999 -9999 -9999 -9999 -9999 -9999 -9999 -9999 -9999 -9999 -9999 -9999
-9999 -9999 -9999 -9999 -9999 -9999 -9999 -9999 -9999 76 76 76 76 76 76 76 76 76 76 76 76 76 76 76 76 76 76 76 85 89 89 89 89 89 89 89 89 89 89 102 102 708 709 710 655 711 655 712 713 714 714 714 572 92 572 250 715 716 717 638 718 718 705 704 719 642 670 -9999 -9999 -9999 -9999 -9999 -9999 -9999 -9999 -9999 -9999 -9999 -9999 -9999 -9999 -9999 -9999 -9999 -9999 -9999 -9999 -9999 -9999 -9999
-9999 -9999 -9999 -9999 -9999 -9999 -9999 -9999 76 76 76 76 76 76 76 76 76 76 76 76 76 76 76 76 76 76 76 76 76 76 85 85 85 85 85 89 89 89 89 89 89 102 720 721 722 723 724 658 725 713 726 92 92 92 727 715 690 728 729 703 718 718 718 730 731 642 670 -9999 -9999 -9999 -9999 -9999 -9999 -9999 -9999 -9999 -9999 -9999 -9999 -9999 -9999 -9999 -9999 -9999 -9999 -9999 -9999 -9999 -9999 -9999
-9999 -9999 -9999 -9999 -9999 -9999 -9999 76 76 76 76 76 76 76 76 76 76 76 76 76 76 76 76 76 76 76 76 76 76 76 76 76 76 76 76 76 76 85 85 89 89 89 102 732 733 734 735 736 655 737 738 92 739 740 715 741 742 728 743 744 718 718 718 591 400 670 745 -9999 -9999 -9999 -9999 -9999 -9999 -9999 -9999 -9999 -9999 -9999 -9999 -9999 -9999 -9999 -9999 -9999 -9999 -9999 -9999 -9999 -9999 -9999
-9999 -9999 -9999 -9999 -9999 -9999 76 76 76 76 76 76 76 76 76 76 76 76 76 76 76 76 76 76 76 76 76 76 76 76 76 76 76 76 76 76 76 76 76 76 85 89 89 746 733 733 733 747 712 310 92 92 229 748 690 728 728 728 718 718 718 728 719 642 670 745 -9999 -9999 -9999 -9999 -9999 -9999 -9999 -9999 -9999 -9999 -9999 -9999 -9999 -9999 -9999 -9999 -9999 -9999 -9999 -9999 -9999 -9999 -9999 -9999
-9999 -9999 -9999 -9999 76 76 76 76 76 76 76 76 76 76 76 85 85 85 85 85 85 85 85 76 76 76 76 76 76 76 76 76 76 76 76 76 76 76 76 76 76 85 89 733 733 749 750 751 752 92 92 753 754 741 728 728 728 728 718 718 718 755 669 76 -9999 -9999 -9999 -9999 -9999 -9999 -9999 -9999 -9999 -9999 -9999 -9999 -9999 -9999 -9999 -9999 -9999 -9999 -9999 -9999 -9999 -9999 -9999 -9999 -9999 -9999
-9999 -9999 -9999 76 76 76 76 76 76 76 76 76 89 89 89 89 89 89 89 89 89 89 85 85 76 76 76 76 76 76 76 76 76 76 76 76 76 76 76 76 76 85 89 756 757 758 759 760 92 92 761 761 715 728 728 728 718 718 718 718 718 89 76 76 -9999 -9999 -9999 -9999 -9999 -9999 -9999 -9999 -9999 -9999 -9999 -9999 -9999 -9999 -9999 -9999 -9999 -9999 -9999 -9999 -9999 -9999 -9999 -9999 -9999 -9999
-9999 -9999 76 76 76 76 76 76 89 89 89 92 92 92 92 92 118 118 89 89 89 89 89 85 76 76 76 76 76 76 76 76 76 76 76 76 76 76 76 76 76 89 102 762 763 752 760 92 92 764 765 766 728 767 728 718 767 92 718 92 89 76 76 76 -9999 -9999 -9999 -9999 -9999 -9999 -9999 -9999 -9999 -9999 -9999 -9999 -9999 -9999 -9999 -9999 -9999 -9999 -9999 -9999 -9999 -9999 -9999 -9999 -9999 -9999
-9999 76 76 76 76 76 76 89 89 92 92 92 92 92 102 102 102 89 89 89 89 89 89 85 76 76 76 76 76 76 76 76 76 76 76 76 76 76 76 76 76 89 768 700 764 728 92 92 769 728 770 770 767 770 718 767 92 92 92 89 76 76 76 76 -9999 -9999 -9999 -9999 -9999 -9999 -9999 -9999 -9999 -9999 -9999 -9999 -9999 -9999 -9999 -9999 -9999 -9999 -9999 -9999 -9999 -9999 -9999 -9999 -9999 -9999
