model_scripts/mantelliABC_v6_model_T/splatche3input/oriworld_model_T.asc
NCOLS 90
NROWS 94
XLLCORNER 171.583333333333
YLLCORNER -41.6666666666667
CELLSIZE 0.0833333333333333
NODATA_value -9999
[rows 43 to 85 of 94, columns 0 to 89 of 90]
-9999 -9999 -9999 -9999 -9999 -9999 -9999 -9999 -9999 -9999 -9999 -9999 -9999 -9999 -9999 -9999 -9999 -9999 -9999 -9999 -9999 -9999 -9999 -9999 -9999 -9999 -9999 -9999 -9999 -9999 -9999 -9999 3 3 74 65 72 62 52 63 63 63 126 122 122 43 43 111 111 43 58 58 127 128 129 46 46 27 27 27 -9999 -9999 -9999 -9999 -9999 -9999 -9999 21 -9999 -9999 -9999 -9999 -9999 -9999 -9999 -9999 14 14 14 14 14 -9999 -9999 -9999 -9999 -9999 -9999 -9999 14 -9999
-9999 -9999 -9999 -9999 -9999 -9999 -9999 -9999 -9999 -9999 -9999 -9999 -9999 -9999 -9999 -9999 -9999 -9999 -9999 -9999 -9999 -9999 -9999 -9999 -9999 -9999 -9999 -9999 -9999 -9999 -9999 3 3 9 9 65 65 62 52 63 63 63 63 63 122 122 122 130 131 111 132 58 133 134 45 135 46 46 46 27 27 -9999 -9999 -9999 -9999 -9999 136 136 -9999 -9999 -9999 -9999 -9999 -9999 14 14 67 49 67 137 137 30 30 14 -9999 -9999 14 30 14 -9999
-9999 -9999 -9999 -9999 -9999 -9999 -9999 -9999 -9999 -9999 -9999 -9999 -9999 -9999 -9999 -9999 -9999 -9999 -9999 -9999 -9999 -9999 -9999 -9999 -9999 -9999 -9999 -9999 -9999 -9999 -9999 3 9 9 9 65 65 26 52 52 63 63 63 63 43 44 44 138 138 131 43 58 54 53 115 115 129 139 140 46 27 27 27 27 27 27 21 21 -9999 21 21 14 14 14 141 142 143 143 83 43 43 144 145 146 30 14 14 30 14 14
-9999 -9999 -9999 -9999 -9999 -9999 -9999 -9999 -9999 -9999 -9999 -9999 -9999 -9999 -9999 -9999 -9999 -9999 -9999 -9999 -9999 -9999 -9999 -9999 -9999 -9999 -9999 -9999 -9999 -9999 -9999 9 9 9 9 74 65 26 62 52 82 83 63 63 58 41 41 111 111 111 111 43 58 54 112 112 112 53 45 147 46 46 46 46 27 21 21 21 21 21 21 148 30 83 63 63 143 58 44 41 126 126 122 149 30 21 21 21 21 -9999
-9999 -9999 -9999 -9999 -9999 -9999 -9999 -9999 -9999 -9999 -9999 -9999 -9999 -9999 -9999 -9999 -9999 -9999 -9999 -9999 -9999 -9999 -9999 -9999 -9999 -9999 -9999 -9999 -9999 -9999 9 9 9 9 14 14 30 26 62 82 63 63 83 43 58 150 44 43 43 111 111 43 58 58 58 58 54 53 45 45 45 147 46 35 35 36 35 35 35 35 35 26 151 63 63 43 43 152 153 120 151 122 154 155 36 21 21 -9999 -9999 -9999
-9999 -9999 -9999 -9999 -9999 -9999 -9999 -9999 -9999 -9999 -9999 -9999 -9999 -9999 -9999 -9999 -9999 -9999 -9999 -9999 -9999 -9999 -9999 -9999 -9999 -9999 -9999 -9999 -9999 -9999 14 9 14 14 14 14 30 26 49 63 43 58 58 58 43 53 45 43 43 111 111 111 43 58 58 58 58 54 112 53 53 53 45 156 139 157 35 35 35 40 40 144 63 63 43 158 159 158 63 43 160 161 162 35 21 21 21 -9999 -9999 -9999
-9999 -9999 -9999 -9999 -9999 -9999 -9999 -9999 -9999 -9999 -9999 -9999 -9999 -9999 -9999 -9999 -9999 -9999 -9999 -9999 -9999 -9999 -9999 -9999 -9999 -9999 -9999 -9999 -9999 21 14 14 14 14 14 148 35 40 63 43 63 63 43 58 58 163 164 43 111 111 111 111 43 43 43 43 58 58 58 58 58 58 53 53 53 53 165 126 126 126 151 83 63 49 63 166 167 168 169 49 169 158 35 21 21 21 21 -9999 -9999 -9999
-9999 -9999 -9999 -9999 -9999 -9999 -9999 -9999 -9999 -9999 -9999 -9999 -9999 -9999 -9999 -9999 -9999 -9999 -9999 -9999 -9999 -9999 -9999 -9999 -9999 -9999 -9999 -9999 21 21 21 21 21 21 21 36 35 40 43 43 170 43 63 58 58 54 58 43 111 111 58 58 43 63 63 43 171 43 171 58 58 150 53 150 53 150 172 112 41 126 83 63 63 169 173 167 174 169 70 70 175 162 35 36 21 21 21 -9999 -9999 -9999
-9999 -9999 -9999 -9999 -9999 -9999 -9999 -9999 -9999 -9999 -9999 -9999 -9999 -9999 -9999 -9999 -9999 -9999 -9999 -9999 -9999 -9999 -9999 -9999 -9999 -9999 21 21 21 21 21 21 21 21 21 36 35 43 43 43 43 63 176 58 54 54 54 58 111 111 58 58 63 63 63 43 58 63 49 43 58 58 54 58 53 150 165 58 58 177 63 63 49 169 70 178 70 106 106 179 179 180 35 36 21 21 21 -9999 -9999 -9999
-9999 -9999 -9999 -9999 -9999 -9999 -9999 -9999 -9999 -9999 -9999 -9999 -9999 -9999 -9999 -9999 -9999 -9999 -9999 -9999 -9999 -9999 -9999 -9999 -9999 21 14 21 21 21 21 21 21 21 21 36 35 170 43 43 43 63 181 182 54 54 58 58 183 183 184 185 186 187 52 63 63 63 63 49 58 58 54 58 58 58 120 43 58 63 63 49 49 70 70 62 70 106 20 179 179 188 35 21 21 21 21 -9999 -9999 -9999
-9999 -9999 -9999 -9999 -9999 -9999 -9999 -9999 -9999 -9999 -9999 -9999 -9999 -9999 -9999 -9999 -9999 -9999 -9999 -9999 -9999 -9999 -9999 9 14 21 21 21 21 21 21 21 21 21 21 35 40 176 43 63 63 82 181 189 88 83 52 187 187 190 187 187 187 186 191 192 191 193 194 193 193 194 195 193 196 194 120 63 63 63 169 49 70 70 43 62 179 20 20 197 198 199 46 21 21 21 21 -9999 -9999 -9999
-9999 -9999 -9999 -9999 -9999 -9999 -9999 -9999 -9999 -9999 -9999 -9999 -9999 -9999 -9999 -9999 -9999 -9999 -9999 -9999 -9999 -9999 9 14 14 14 21 21 21 21 21 21 21 21 36 35 176 49 158 63 49 98 181 90 98 98 200 201 202 203 184 187 190 183 183 191 191 204 191 191 194 195 205 193 196 206 193 207 193 207 208 52 63 43 209 210 211 212 213 214 215 40 35 21 21 21 -9999 -9999 -9999 -9999
-9999 -9999 -9999 -9999 -9999 -9999 -9999 -9999 -9999 -9999 -9999 -9999 -9999 -9999 -9999 9 -9999 9 9 9 9 9 9 14 14 14 14 21 21 21 21 21 21 36 35 35 216 169 158 52 90 90 90 90 94 217 218 218 217 203 203 219 190 187 183 183 204 220 185 191 221 205 222 193 196 196 196 223 207 224 223 223 43 225 226 227 228 229 214 214 230 135 231 21 21 21 -9999 -9999 -9999 -9999
-9999 -9999 -9999 -9999 -9999 -9999 -9999 -9999 -9999 -9999 -9999 -9999 -9999 -9999 -9999 3 9 9 9 9 3 9 9 9 9 14 14 14 14 21 21 21 36 35 35 40 52 169 70 90 90 90 94 93 232 233 233 234 235 236 237 217 238 238 187 239 240 241 242 185 243 192 191 244 193 193 208 245 246 223 207 196 247 248 249 250 251 252 253 251 214 254 21 21 21 21 -9999 -9999 -9999 -9999
-9999 -9999 -9999 -9999 -9999 -9999 -9999 -9999 -9999 -9999 -9999 -9999 -9999 -9999 9 9 9 9 3 3 9 9 9 9 14 14 14 14 14 14 14 14 35 35 35 40 62 70 70 255 94 97 93 256 232 232 233 257 258 233 217 237 237 259 187 239 239 187 187 185 191 260 191 242 196 261 262 246 207 207 196 263 264 265 266 267 268 269 270 271 35 35 21 21 21 -9999 -9999 -9999 -9999 -9999
-9999 -9999 -9999 -9999 -9999 -9999 -9999 -9999 -9999 -9999 -9999 -9999 -9999 9 3 9 3 3 3 3 9 3 9 9 9 14 14 14 14 14 14 148 35 35 40 40 169 70 78 51 51 256 256 234 232 233 272 258 273 233 274 274 275 275 190 190 201 259 187 276 276 187 277 277 278 223 279 261 280 281 282 283 284 285 214 286 287 288 289 35 35 35 21 -9999 -9999 -9999 -9999 -9999 -9999 -9999
-9999 -9999 -9999 -9999 -9999 -9999 -9999 -9999 -9999 -9999 -9999 -9999 -9999 3 3 3 9 3 3 3 3 3 9 9 9 9 9 9 9 14 14 30 30 30 26 169 169 70 70 73 290 93 291 233 233 233 292 293 258 233 237 275 275 171 294 217 295 276 201 296 296 258 258 277 207 207 297 281 298 299 300 283 301 301 302 303 304 305 30 40 40 21 14 -9999 -9999 -9999 -9999 -9999 -9999 -9999
-9999 -9999 -9999 -9999 -9999 -9999 -9999 -9999 -9999 -9999 -9999 -9999 3 3 3 3 3 3 3 3 3 3 3 3 9 9 9 9 9 9 65 30 30 26 70 169 169 70 306 73 290 256 291 307 232 237 233 308 272 233 275 275 274 259 259 295 309 310 309 258 311 312 277 313 196 314 298 298 300 315 315 248 249 316 316 317 40 30 30 30 14 -9999 -9999 -9999 -9999 -9999 -9999 -9999 -9999 -9999
-9999 -9999 -9999 -9999 -9999 -9999 -9999 -9999 -9999 -9999 -9999 3 3 3 3 3 3 3 3 3 3 3 3 3 9 9 9 9 9 65 72 318 73 174 306 319 320 306 178 73 321 93 93 233 233 233 272 322 272 323 203 259 295 324 324 325 326 235 258 258 258 312 260 327 328 299 299 300 329 330 330 248 266 331 317 303 40 35 30 14 9 -9999 -9999 -9999 -9999 -9999 -9999 -9999 -9999 -9999
-9999 -9999 -9999 -9999 -9999 -9999 -9999 -9999 -9999 -9999 -9999 3 3 3 3 3 3 3 3 3 3 3 3 3 3 9 9 9 65 332 333 333 334 335 178 306 306 178 73 336 321 291 104 272 272 337 338 322 339 339 340 341 322 342 342 342 257 308 343 344 345 346 347 348 349 350 351 352 329 330 329 226 353 251 354 355 40 35 30 14 -9999 -9999 -9999 -9999 -9999 -9999 -9999 -9999 -9999 -9999
-9999 -9999 -9999 -9999 -9999 -9999 -9999 -9999 -9999 -9999 -9999 3 3 3 3 76 76 76 3 3 3 3 3 3 3 3 32 356 357 358 359 359 360 361 362 73 73 73 73 363 364 364 104 104 272 365 366 367 368 369 322 370 371 371 372 373 374 308 322 375 376 375 20 377 266 226 378 315 379 380 380 380 135 135 135 381 382 35 14 14 -9999 -9999 -9999 -9999 -9999 -9999 -9999 -9999 -9999 -9999
-9999 -9999 -9999 -9999 -9999 -9999 -9999 -9999 -9999 -9999 4 3 76 76 76 76 76 76 3 3 3 3 3 3 3 32 383 384 385 386 387 384 359 360 334 388 335 389 73 390 391 392 393 394 394 395 396 397 398 399 400 401 401 371 402 399 372 403 375 375 375 404 377 214 214 405 406 380 380 407 407 407 46 135 408 409 410 148 14 9 -9999 -9999 -9999 -9999 -9999 -9999 -9999 -9999 -9999 -9999
-9999 -9999 -9999 -9999 -9999 -9999 -9999 -9999 -9999 -9999 4 4 76 76 76 76 76 76 76 76 3 3 3 3 3 37 411 412 413 414 415 416 384 357 333 417 418 389 419 420 391 392 393 421 422 423 424 425 425 402 426 368 369 399 399 372 427 428 308 375 212 429 253 430 303 431 380 407 407 407 407 46 46 46 40 432 35 14 14 9 -9999 -9999 -9999 -9999 -9999 -9999 -9999 -9999 -9999 -9999
-9999 -9999 -9999 -9999 -9999 -9999 76 4 -9999 -9999 -9999 4 76 76 76 76 76 76 76 76 3 3 3 3 3 37 433 434 435 436 437 438 384 384 383 333 439 384 439 384 440 113 392 422 441 442 443 444 369 445 402 446 402 447 448 448 449 450 20 429 212 451 452 453 454 26 35 46 455 47 27 27 27 46 35 35 456 14 9 9 -9999 -9999 -9999 -9999 -9999 -9999 -9999 -9999 -9999 -9999
-9999 -9999 -9999 -9999 -9999 76 76 76 76 76 76 76 76 76 76 76 76 76 76 76 76 3 3 3 3 457 458 433 459 460 460 434 434 434 461 433 462 463 464 465 466 392 467 468 469 470 471 472 473 474 475 476 477 478 479 339 450 20 480 56 481 482 483 484 37 37 30 35 36 27 27 27 21 21 21 14 14 9 9 -9999 -9999 -9999 -9999 -9999 -9999 -9999 -9999 -9999 -9999 -9999
-9999 -9999 -9999 76 76 -9999 76 76 76 76 76 76 76 76 76 76 76 76 76 76 76 76 3 4 3 4 8 485 485 485 486 487 395 395 488 489 490 491 440 464 395 492 38 493 494 495 24 496 497 498 499 500 501 502 503 504 468 480 505 506 507 508 509 510 511 23 65 35 21 21 21 21 14 14 14 14 9 9 -9999 -9999 -9999 -9999 -9999 -9999 -9999 -9999 -9999 -9999 -9999 -9999
-9999 -9999 -9999 76 76 -9999 -9999 -9999 76 76 76 76 76 76 76 76 76 76 76 76 76 76 3 4 4 4 10 8 23 23 23 512 468 422 395 513 513 514 440 515 485 515 38 515 516 517 518 519 520 521 522 523 524 525 526 526 527 20 66 528 425 425 425 529 530 531 532 30 14 14 14 14 14 14 9 -9999 -9999 -9999 -9999 -9999 -9999 -9999 -9999 -9999 -9999 -9999 -9999 -9999 -9999 -9999
-9999 -9999 -9999 -9999 -9999 -9999 -9999 -9999 -9999 76 76 76 76 76 76 76 76 76 76 76 76 76 76 4 4 4 10 8 22 533 533 533 23 441 493 516 516 515 515 515 486 515 392 515 421 421 517 518 534 535 536 537 538 539 540 541 542 34 20 543 544 425 545 546 547 548 32 3 3 9 14 14 14 -9999 -9999 -9999 -9999 -9999 -9999 -9999 -9999 -9999 -9999 -9999 -9999 -9999 -9999 -9999 -9999 -9999
-9999 -9999 -9999 -9999 -9999 76 76 -9999 -9999 -9999 76 76 76 76 76 76 76 76 76 76 76 76 76 76 4 4 31 22 22 549 550 551 550 552 553 517 517 394 421 516 516 515 554 555 556 557 558 559 560 561 562 563 560 564 565 566 20 20 567 568 569 570 571 572 572 573 87 3 3 3 4 -9999 -9999 -9999 -9999 -9999 -9999 -9999 -9999 -9999 -9999 -9999 -9999 -9999 -9999 -9999 -9999 -9999 -9999 -9999
-9999 -9999 -9999 -9999 -9999 -9999 -9999 -9999 76 76 76 76 76 76 76 76 76 76 76 76 76 76 76 76 76 76 76 574 574 574 574 574 575 575 550 550 576 577 578 579 580 580 581 582 583 584 585 586 559 587 534 588 589 590 591 440 20 505 592 593 594 571 595 596 572 65 3 4 4 -9999 -9999 -9999 -9999 -9999 -9999 -9999 -9999 -9999 -9999 -9999 -9999 -9999 -9999 -9999 -9999 -9999 -9999 -9999 -9999 -9999
-9999 -9999 -9999 -9999 -9999 -9999 -9999 -9999 -9999 76 76 76 76 76 76 76 76 76 76 76 76 76 76 76 76 76 76 76 574 574 574 574 574 574 574 574 551 551 551 551 597 598 599 586 600 557 601 534 559 602 588 603 603 604 605 20 606 607 608 609 610 611 612 613 614 3 4 4 -9999 -9999 -9999 -9999 -9999 -9999 -9999 -9999 -9999 -9999 -9999 -9999 -9999 -9999 -9999 -9999 -9999 -9999 -9999 -9999 -9999 -9999
-9999 -9999 -9999 -9999 -9999 -9999 -9999 -9999 -9999 76 76 76 76 76 76 76 76 76 76 76 76 76 76 76 76 76 76 76 615 574 574 574 574 574 574 574 574 574 574 551 551 616 617 618 559 619 559 620 621 622 622 622 494 503 494 197 623 624 625 546 626 626 612 611 627 3 4 -9999 -9999 -9999 -9999 -9999 -9999 -9999 -9999 -9999 -9999 -9999 -9999 -9999 -9999 -9999 -9999 -9999 -9999 -9999 -9999 -9999 -9999 -9999
-9999 -9999 -9999 -9999 -9999 -9999 -9999 -9999 76 76 76 76 76 76 76 76 76 76 76 76 76 76 76 76 76 76 76 76 76 76 615 615 615 615 615 574 574 574 574 574 574 551 628 629 630 631 632 562 633 621 634 635 503 636 637 623 596 638 639 610 626 626 626 640 79 3 4 -9999 -9999 -9999 -9999 -9999 -9999 -9999 -9999 -9999 -9999 -9999 -9999 -9999 -9999 -9999 -9999 -9999 -9999 -9999 -9999 -9999 -9999 -9999
-9999 -9999 -9999 -9999 -9999 -9999 -9999 76 76 76 76 76 76 76 76 76 76 76 76 76 76 76 76 76 76 76 76 76 76 76 76 76 76 76 76 76 76 615 615 574 574 574 551 641 642 643 644 645 559 646 647 648 649 650 623 651 652 638 653 654 626 626 626 65 9 4 2 -9999 -9999 -9999 -9999 -9999 -9999 -9999 -9999 -9999 -9999 -9999 -9999 -9999 -9999 -9999 -9999 -9999 -9999 -9999 -9999 -9999 -9999 -9999
-9999 -9999 -9999 -9999 -9999 -9999 76 76 76 76 76 76 76 76 76 76 76 76 76 76 76 76 76 76 76 76 76 76 76 76 76 76 76 76 76 76 76 76 76 76 615 574 574 655 642 642 642 656 620 97 657 110 181 658 596 638 638 638 626 626 626 638 627 3 4 2 -9999 -9999 -9999 -9999 -9999 -9999 -9999 -9999 -9999 -9999 -9999 -9999 -9999 -9999 -9999 -9999 -9999 -9999 -9999 -9999 -9999 -9999 -9999 -9999
-9999 -9999 -9999 -9999 76 76 76 76 76 76 76 76 76 76 76 615 615 615 615 615 615 615 615 76 76 76 76 76 76 76 76 76 76 76 76 76 76 76 76 76 76 615 574 642 642 659 660 661 662 118 118 663 664 651 638 638 638 638 626 626 626 665 87 76 -9999 -9999 -9999 -9999 -9999 -9999 -9999 -9999 -9999 -9999 -9999 -9999 -9999 -9999 -9999 -9999 -9999 -9999 -9999 -9999 -9999 -9999 -9999 -9999 -9999 -9999
-9999 -9999 -9999 76 76 76 76 76 76 76 76 76 574 574 574 574 574 574 574 574 574 574 615 615 76 76 76 76 76 76 76 76 76 76 76 76 76 76 76 76 76 615 574 666 667 668 669 670 671 118 672 672 623 638 638 638 626 626 626 626 626 574 76 76 -9999 -9999 -9999 -9999 -9999 -9999 -9999 -9999 -9999 -9999 -9999 -9999 -9999 -9999 -9999 -9999 -9999 -9999 -9999 -9999 -9999 -9999 -9999 -9999 -9999 -9999
-9999 -9999 76 76 76 76 76 76 574 574 574 425 425 425 425 425 673 673 574 574 574 574 574 615 76 76 76 76 76 76 76 76 76 76 76 76 76 76 76 76 76 574 551 674 675 662 670 671 671 676 677 678 638 679 638 626 679 425 626 425 574 76 76 76 -9999 -9999 -9999 -9999 -9999 -9999 -9999 -9999 -9999 -9999 -9999 -9999 -9999 -9999 -9999 -9999 -9999 -9999 -9999 -9999 -9999 -9999 -9999 -9999 -9999 -9999
-9999 76 76 76 76 76 76 574 574 425 425 425 425 425 551 551 551 574 574 574 574 574 574 615 76 76 76 76 76 76 76 76 76 76 76 76 76 76 76 76 76 574 680 607 676 638 681 681 682 638 683 683 679 683 626 679 425 425 425 574 76 76 76 76 -9999 -9999 -9999 -9999 -9999 -9999 -9999 -9999 -9999 -9999 -9999 -9999 -9999 -9999 -9999 -9999 -9999 -9999 -9999 -9999 -9999 -9999 -9999 -9999 -9999 -9999
76 76 76 76 76 76 574 574 425 425 425 425 425 425 551 551 551 551 551 574 574 574 574 574 615 615 615 673 425 574 76 76 76 76 76 76 76 76 76 76 574 574 684 685 686 425 425 425 679 687 687 679 679 679 679 425 425 425 574 76 76 76 -9999 -9999 -9999 -9999 -9999 -9999 -9999 -9999 -9999 -9999 -9999 -9999 -9999 -9999 -9999 -9999 -9999 -9999 -9999 -9999 -9999 -9999 -9999 -9999 -9999 -9999 -9999 -9999
76 76 76 76 76 76 673 425 425 425 425 425 425 425 425 425 425 425 551 551 574 574 574 574 574 574 425 425 425 574 574 76 76 76 76 76 76 76 76 615 673 425 425 425 425 425 425 653 687 679 688 425 425 425 425 425 425 574 76 76 76 -9999 -9999 -9999 -9999 -9999 -9999 -9999 -9999 -9999 -9999 -9999 -9999 -9999 -9999 -9999 -9999 -9999 -9999 -9999 -9999 -9999 -9999 -9999 -9999 -9999 -9999 -9999 -9999 -9999
76 76 76 76 76 574 425 425 425 425 425 425 425 425 425 425 425 425 551 551 551 574 574 574 574 551 425 425 425 673 574 574 76 76 76 76 76 76 76 425 425 425 425 425 425 425 425 679 683 688 425 425 425 425 425 425 551 76 76 76 76 -9999 -9999 -9999 -9999 -9999 -9999 -9999 -9999 -9999 -9999 -9999 -9999 -9999 -9999 -9999 -9999 -9999 -9999 -9999 -9999 -9999 -9999 -9999 -9999 -9999 -9999 -9999 -9999 -9999
76 76 76 76 76 574 425 425 425 425 425 425 425 425 425 425 425 425 551 551 551 551 574 574 551 551 425 425 425 425 425 673 615 76 76 76 76 76 76 574 425 425 425 425 425 425 689 679 425 425 425 425 425 425 425 425 615 76 76 76 -9999 -9999 -9999 -9999 -9999 -9999 -9999 -9999 -9999 -9999 -9999 -9999 -9999 -9999 -9999 -9999 -9999 -9999 -9999 -9999 -9999 -9999 -9999 -9999 -9999 -9999 -9999 -9999 -9999 -9999
