model_scripts/mantelliABC_v6_model_yL/splatche3input/oriworld_model_yL.asc
NCOLS 90
NROWS 94
XLLCORNER 171.583333333333
YLLCORNER -41.6666666666667
CELLSIZE 0.0833333333333333
NODATA_value -9999
[rows 40 to 79 of 94, columns 0 to 89 of 90]
-9999 -9999 -9999 -9999 -9999 -9999 -9999 -9999 -9999 -9999 -9999 -9999 -9999 -9999 -9999 -9999 -9999 -9999 -9999 -9999 -9999 -9999 -9999 -9999 -9999 -9999 -9999 -9999 -9999 -9999 4 4 10 34 34 85 63 153 52 46 95 77 154 154 77 155 139 139 46 149 156 107 37 37 29 92 92 -9999 -9999 -9999 -9999 -9999 -9999 -9999 -9999 -9999 -9999 -9999 -9999 -9999 -9999 -9999 -9999 -9999 -9999 -9999 -9999 -9999 -9999 -9999 -9999 -9999 -9999 -9999 -9999 -9999 -9999 -9999 -9999 -9999
-9999 -9999 -9999 -9999 -9999 -9999 -9999 -9999 -9999 -9999 -9999 -9999 -9999 -9999 -9999 -9999 -9999 -9999 -9999 -9999 -9999 -9999 -9999 -9999 -9999 -9999 -9999 -9999 -9999 -9999 -9999 4 3 34 73 85 117 153 52 127 95 157 158 159 46 46 139 139 139 160 161 162 162 163 163 164 165 166 -9999 -9999 -9999 -9999 -9999 -9999 -9999 -9999 -9999 -9999 -9999 -9999 -9999 -9999 -9999 -9999 -9999 -9999 -9999 -9999 -9999 -9999 -9999 -9999 -9999 -9999 -9999 -9999 -9999 -9999 -9999 -9999
-9999 -9999 -9999 -9999 -9999 -9999 -9999 -9999 -9999 -9999 -9999 -9999 -9999 -9999 -9999 -9999 -9999 -9999 -9999 -9999 -9999 -9999 -9999 3 -9999 -9999 -9999 -9999 -9999 -9999 -9999 4 3 3 73 73 85 153 97 76 76 167 43 168 169 160 139 139 139 155 155 139 139 128 170 170 170 166 166 -9999 -9999 -9999 -9999 -9999 -9999 -9999 -9999 -9999 -9999 -9999 -9999 -9999 -9999 -9999 -9999 -9999 -9999 -9999 -9999 -9999 -9999 -9999 -9999 -9999 -9999 -9999 -9999 -9999 -9999 -9999
-9999 -9999 -9999 -9999 -9999 -9999 -9999 -9999 -9999 -9999 -9999 -9999 -9999 -9999 -9999 -9999 -9999 -9999 -9999 -9999 -9999 -9999 -9999 -9999 -9999 -9999 -9999 -9999 -9999 -9999 -9999 -9999 3 3 88 73 85 81 97 171 172 173 168 174 169 160 160 139 139 175 176 177 178 179 180 170 170 166 166 166 -9999 -9999 -9999 -9999 -9999 -9999 -9999 181 -9999 -9999 -9999 -9999 -9999 -9999 -9999 -9999 182 182 182 14 14 -9999 -9999 -9999 -9999 -9999 -9999 -9999 14 -9999
-9999 -9999 -9999 -9999 -9999 -9999 -9999 -9999 -9999 -9999 -9999 -9999 -9999 -9999 -9999 -9999 -9999 -9999 -9999 -9999 -9999 -9999 -9999 -9999 -9999 -9999 -9999 -9999 -9999 -9999 -9999 3 3 9 9 73 183 184 185 171 171 186 173 173 174 174 174 187 188 139 189 190 191 192 193 194 195 195 195 196 166 -9999 -9999 -9999 -9999 -9999 197 197 -9999 -9999 -9999 -9999 -9999 -9999 182 182 198 199 198 200 200 201 32 14 -9999 -9999 14 32 14 -9999
-9999 -9999 -9999 -9999 -9999 -9999 -9999 -9999 -9999 -9999 -9999 -9999 -9999 -9999 -9999 -9999 -9999 -9999 -9999 -9999 -9999 -9999 -9999 -9999 -9999 -9999 -9999 -9999 -9999 -9999 -9999 3 9 202 202 183 183 203 185 185 171 171 171 173 204 205 206 207 207 188 208 190 209 210 211 211 212 213 214 195 196 196 196 196 196 196 215 215 -9999 181 181 216 216 182 217 218 219 219 220 160 160 221 222 223 224 216 14 32 14 14
-9999 -9999 -9999 -9999 -9999 -9999 -9999 -9999 -9999 -9999 -9999 -9999 -9999 -9999 -9999 -9999 -9999 -9999 -9999 -9999 -9999 -9999 -9999 -9999 -9999 -9999 -9999 -9999 -9999 -9999 -9999 9 202 202 202 225 183 203 184 185 226 220 186 173 227 228 228 139 139 139 139 229 190 230 231 231 231 210 193 232 195 195 195 195 196 215 215 215 215 215 215 233 224 234 235 235 236 177 237 238 239 168 174 240 224 181 181 181 21 -9999
-9999 -9999 -9999 -9999 -9999 -9999 -9999 -9999 -9999 -9999 -9999 -9999 -9999 -9999 -9999 -9999 -9999 -9999 -9999 -9999 -9999 -9999 -9999 -9999 -9999 -9999 -9999 -9999 -9999 -9999 9 202 202 202 182 182 201 203 184 226 171 172 234 241 227 242 206 208 241 139 139 208 190 243 227 190 230 210 193 193 193 232 195 244 244 245 244 244 244 244 244 246 247 248 248 249 249 250 251 252 253 174 254 255 256 181 181 -9999 -9999 -9999
-9999 -9999 -9999 -9999 -9999 -9999 -9999 -9999 -9999 -9999 -9999 -9999 -9999 -9999 -9999 -9999 -9999 -9999 -9999 -9999 -9999 -9999 -9999 -9999 -9999 -9999 -9999 -9999 -9999 -9999 182 202 182 182 182 182 201 203 199 172 160 177 243 227 241 210 193 241 241 139 139 155 229 190 190 190 243 257 231 210 210 258 193 259 213 260 244 244 244 261 261 262 248 248 229 263 264 265 172 160 266 267 268 269 181 181 181 -9999 -9999 -9999
-9999 -9999 -9999 -9999 -9999 -9999 -9999 -9999 -9999 -9999 -9999 -9999 -9999 -9999 -9999 -9999 -9999 -9999 -9999 -9999 -9999 -9999 -9999 -9999 -9999 -9999 -9999 -9999 -9999 181 216 216 216 216 216 270 269 271 172 160 272 272 208 227 227 273 274 241 139 139 139 155 229 229 229 229 190 243 243 243 243 243 210 210 210 210 275 276 276 276 247 277 248 278 248 279 280 281 282 283 282 284 269 181 181 181 181 -9999 -9999 -9999
-9999 -9999 -9999 -9999 -9999 -9999 -9999 -9999 -9999 -9999 -9999 -9999 -9999 -9999 -9999 -9999 -9999 -9999 -9999 -9999 -9999 -9999 -9999 -9999 -9999 -9999 -9999 -9999 181 181 181 181 181 181 181 256 269 271 160 160 285 208 272 227 227 230 227 208 139 139 227 243 208 272 272 241 286 208 286 243 243 242 210 287 258 242 288 231 228 289 277 248 248 290 291 280 292 282 293 293 294 295 244 256 181 181 181 -9999 -9999 -9999
-9999 -9999 -9999 -9999 -9999 -9999 -9999 -9999 -9999 -9999 -9999 -9999 -9999 -9999 -9999 -9999 -9999 -9999 -9999 -9999 -9999 -9999 -9999 -9999 -9999 -9999 21 181 181 181 181 181 181 181 181 256 269 160 160 208 208 272 296 227 230 230 230 227 139 139 227 227 272 272 272 241 227 272 283 208 227 227 230 190 258 287 297 190 190 298 248 248 278 290 299 300 293 301 301 302 302 303 244 245 215 215 181 -9999 -9999 -9999
-9999 -9999 -9999 -9999 -9999 -9999 -9999 -9999 -9999 -9999 -9999 -9999 -9999 -9999 -9999 -9999 -9999 -9999 -9999 -9999 -9999 -9999 -9999 -9999 -9999 21 14 181 181 181 181 181 181 181 181 256 269 304 160 208 208 272 305 306 230 230 227 227 307 307 308 309 310 311 312 313 313 272 272 283 243 243 230 190 190 190 314 229 190 248 248 278 278 299 293 315 293 301 316 302 302 317 244 215 215 215 215 -9999 -9999 -9999
-9999 -9999 -9999 -9999 -9999 -9999 -9999 -9999 -9999 -9999 -9999 -9999 -9999 -9999 -9999 -9999 -9999 -9999 -9999 -9999 -9999 -9999 -9999 9 14 21 181 181 181 181 181 181 181 181 181 269 271 318 208 272 272 319 320 321 322 323 312 311 311 324 325 325 325 310 326 327 326 328 329 328 328 329 330 331 332 333 334 248 248 248 290 283 299 293 208 315 302 316 316 335 336 337 195 215 215 215 215 -9999 -9999 -9999
-9999 -9999 -9999 -9999 -9999 -9999 -9999 -9999 -9999 -9999 -9999 -9999 -9999 -9999 -9999 -9999 -9999 -9999 -9999 -9999 -9999 -9999 9 14 14 182 181 181 181 181 181 181 181 181 256 269 318 338 265 272 283 339 320 340 341 341 342 343 344 345 308 325 324 307 307 326 346 347 326 326 329 330 348 331 332 349 331 350 331 350 351 312 272 208 352 353 354 355 356 357 358 261 244 215 215 215 -9999 -9999 -9999 -9999
-9999 -9999 -9999 -9999 -9999 -9999 -9999 -9999 -9999 -9999 -9999 -9999 -9999 -9999 -9999 9 -9999 9 9 9 9 9 9 14 14 182 216 181 181 181 181 181 181 256 269 269 359 282 265 312 340 360 340 340 361 362 363 363 362 345 345 364 324 325 365 307 347 366 309 326 367 348 368 331 332 332 332 369 350 370 371 371 208 372 373 374 375 376 357 377 378 194 379 215 215 215 -9999 -9999 -9999 -9999
-9999 -9999 -9999 -9999 -9999 -9999 -9999 -9999 -9999 -9999 -9999 -9999 -9999 -9999 -9999 3 9 9 9 9 3 9 9 9 9 182 216 216 216 181 181 181 256 269 269 271 185 282 293 340 340 340 361 380 381 382 382 383 384 385 386 362 387 387 325 388 389 390 391 309 392 393 394 395 331 331 396 397 398 371 399 400 401 402 403 404 405 406 407 408 377 409 215 215 215 215 -9999 -9999 -9999 -9999
-9999 -9999 -9999 -9999 -9999 -9999 -9999 -9999 -9999 -9999 -9999 -9999 -9999 -9999 9 9 9 9 3 3 9 9 9 9 182 182 182 182 182 182 182 216 269 269 269 271 184 293 299 410 361 411 412 413 381 381 382 414 415 416 417 386 386 418 325 388 388 325 325 309 346 419 394 420 332 421 422 398 350 350 400 423 424 425 426 427 428 429 430 431 244 244 215 215 215 -9999 -9999 -9999 -9999 -9999
-9999 -9999 -9999 -9999 -9999 -9999 -9999 -9999 -9999 -9999 -9999 -9999 -9999 9 3 9 3 3 3 3 9 3 9 9 202 182 182 182 182 182 182 270 269 269 271 271 290 299 432 433 433 434 413 383 381 382 435 415 436 416 437 437 438 438 324 324 439 418 325 440 441 442 443 443 444 369 445 421 446 447 448 449 450 451 357 452 453 454 455 244 244 244 215 -9999 -9999 -9999 -9999 -9999 -9999 -9999
-9999 -9999 -9999 -9999 -9999 -9999 -9999 -9999 -9999 -9999 -9999 -9999 -9999 3 3 3 9 3 3 3 3 3 9 202 202 202 202 202 202 182 182 201 201 224 456 457 290 299 299 458 459 380 460 382 382 382 461 462 415 416 386 438 438 286 463 417 464 440 439 465 466 467 467 443 350 350 468 447 469 470 471 449 472 472 473 474 475 476 477 261 261 215 478 -9999 -9999 -9999 -9999 -9999 -9999 -9999
-9999 -9999 -9999 -9999 -9999 -9999 -9999 -9999 -9999 -9999 -9999 -9999 3 3 3 3 3 3 3 3 3 3 3 479 202 202 202 202 202 202 183 201 201 203 480 481 290 299 482 458 483 413 460 484 381 485 382 486 435 416 438 438 437 418 418 464 487 488 487 467 489 490 443 491 332 492 469 469 493 494 494 402 403 495 495 496 261 477 477 477 478 -9999 -9999 -9999 -9999 -9999 -9999 -9999 -9999 -9999
-9999 -9999 -9999 -9999 -9999 -9999 -9999 -9999 -9999 -9999 -9999 3 3 3 3 3 3 3 3 3 3 3 3 479 202 202 202 202 202 183 497 498 499 500 501 502 503 482 300 458 504 380 380 382 382 382 505 506 435 507 345 418 464 508 509 510 511 512 467 467 467 490 419 513 514 470 470 471 515 516 516 402 426 517 518 519 261 244 477 478 520 -9999 -9999 -9999 -9999 -9999 -9999 -9999 -9999 -9999
-9999 -9999 -9999 -9999 -9999 -9999 -9999 -9999 -9999 -9999 -9999 3 3 3 3 3 3 3 3 3 3 3 3 521 479 202 202 202 183 522 523 524 525 526 527 528 482 529 530 531 532 533 534 505 505 535 536 506 537 537 538 539 506 540 540 540 414 541 542 543 544 545 546 547 548 549 550 551 515 516 515 552 553 405 554 555 261 244 477 478 -9999 -9999 -9999 -9999 -9999 -9999 -9999 -9999 -9999 -9999
-9999 -9999 -9999 -9999 -9999 -9999 -9999 -9999 -9999 -9999 -9999 3 3 3 3 92 92 92 3 3 3 3 3 521 479 521 556 557 558 559 560 560 561 562 563 564 458 530 530 565 566 566 534 534 505 567 568 569 570 571 572 573 574 574 575 576 577 486 506 578 579 580 316 581 582 552 583 494 584 585 585 585 194 194 194 586 587 244 478 478 -9999 -9999 -9999 -9999 -9999 -9999 -9999 -9999 -9999 -9999
-9999 -9999 -9999 -9999 -9999 -9999 -9999 -9999 -9999 -9999 4 3 92 92 92 92 92 92 3 3 3 3 3 521 521 588 589 590 591 592 593 590 560 561 525 594 595 596 458 597 598 599 600 601 601 602 603 604 605 606 607 608 608 574 609 610 575 611 578 580 580 612 581 377 377 613 614 585 585 615 615 615 195 194 616 617 618 233 478 520 -9999 -9999 -9999 -9999 -9999 -9999 -9999 -9999 -9999 -9999
-9999 -9999 -9999 -9999 -9999 -9999 -9999 -9999 -9999 -9999 4 4 92 92 92 92 92 92 92 92 3 3 521 521 521 619 620 621 622 623 624 625 590 558 523 626 627 596 628 629 598 599 600 630 631 632 633 634 634 635 636 637 638 610 610 575 639 640 541 580 355 641 642 643 474 644 585 615 615 615 615 195 195 195 261 645 244 478 478 520 -9999 -9999 -9999 -9999 -9999 -9999 -9999 -9999 -9999 -9999
-9999 -9999 -9999 -9999 -9999 -9999 92 4 -9999 -9999 -9999 4 92 92 92 92 92 92 92 92 3 3 521 521 521 619 646 647 648 649 650 651 590 590 589 652 653 654 653 654 655 656 599 631 657 658 659 660 571 661 635 662 609 663 664 665 666 667 316 668 669 670 671 672 673 246 244 195 674 675 196 196 196 195 244 244 676 478 520 520 -9999 -9999 -9999 -9999 -9999 -9999 -9999 -9999 -9999 -9999
-9999 -9999 -9999 -9999 -9999 92 92 92 92 92 92 92 92 92 92 92 92 92 92 92 92 3 521 521 521 677 678 679 680 681 681 647 647 647 682 683 684 685 686 687 688 599 689 690 691 692 693 694 695 696 697 698 699 700 701 702 703 704 705 706 707 708 709 710 711 711 477 244 245 196 196 196 215 215 215 478 478 520 520 -9999 -9999 -9999 -9999 -9999 -9999 -9999 -9999 -9999 -9999 -9999
-9999 -9999 -9999 92 92 -9999 92 92 92 92 92 92 92 92 92 92 92 92 92 92 92 92 521 712 521 712 713 714 714 714 715 716 717 717 718 719 720 721 722 723 724 725 726 727 728 729 730 731 732 733 734 735 736 737 738 739 740 705 741 742 743 744 745 746 747 748 749 244 215 215 215 215 478 478 478 478 520 520 -9999 -9999 -9999 -9999 -9999 -9999 -9999 -9999 -9999 -9999 -9999 -9999
-9999 -9999 -9999 92 92 -9999 -9999 -9999 92 92 92 92 92 92 92 92 92 92 92 92 92 92 521 712 712 712 750 713 751 751 751 752 753 754 717 755 756 757 655 758 759 758 726 758 760 761 762 763 764 765 766 767 768 769 770 770 771 704 772 773 634 634 634 774 775 776 777 477 478 478 478 478 478 478 520 -9999 -9999 -9999 -9999 -9999 -9999 -9999 -9999 -9999 -9999 -9999 -9999 -9999 -9999 -9999
-9999 -9999 -9999 -9999 -9999 -9999 -9999 -9999 -9999 92 92 92 92 92 92 92 92 92 92 92 92 92 92 712 712 712 750 713 778 779 779 779 751 780 781 782 760 783 758 758 784 758 599 758 630 630 761 762 785 786 787 788 789 790 791 792 793 794 704 795 796 634 797 798 799 800 801 802 802 520 478 478 478 -9999 -9999 -9999 -9999 -9999 -9999 -9999 -9999 -9999 -9999 -9999 -9999 -9999 -9999 -9999 -9999 -9999
-9999 -9999 -9999 -9999 -9999 92 92 -9999 -9999 -9999 92 92 92 92 92 92 92 92 92 92 92 92 92 92 712 712 803 804 804 805 806 807 806 808 809 810 811 812 630 760 760 783 813 814 815 816 817 818 819 820 821 822 819 823 824 825 704 704 826 827 828 829 830 831 831 832 833 802 802 802 834 -9999 -9999 -9999 -9999 -9999 -9999 -9999 -9999 -9999 -9999 -9999 -9999 -9999 -9999 -9999 -9999 -9999 -9999 -9999
-9999 -9999 -9999 -9999 -9999 -9999 -9999 -9999 92 92 92 92 92 92 92 92 92 92 92 92 92 92 92 92 92 92 92 835 835 835 835 835 836 836 806 806 837 838 839 840 841 841 842 843 844 845 846 847 818 848 785 849 850 851 852 722 316 741 853 854 855 830 856 857 831 749 802 834 834 -9999 -9999 -9999 -9999 -9999 -9999 -9999 -9999 -9999 -9999 -9999 -9999 -9999 -9999 -9999 -9999 -9999 -9999 -9999 -9999 -9999
-9999 -9999 -9999 -9999 -9999 -9999 -9999 -9999 -9999 92 92 92 92 92 92 92 92 92 92 92 92 92 92 92 92 92 92 92 835 835 835 835 835 835 835 835 807 807 807 807 858 859 860 847 861 816 862 785 818 863 849 864 864 865 866 316 867 868 869 870 871 872 873 874 875 802 834 834 -9999 -9999 -9999 -9999 -9999 -9999 -9999 -9999 -9999 -9999 -9999 -9999 -9999 -9999 -9999 -9999 -9999 -9999 -9999 -9999 -9999 -9999
-9999 -9999 -9999 -9999 -9999 -9999 -9999 -9999 -9999 92 92 92 92 92 92 92 92 92 92 92 92 92 92 92 92 92 92 92 876 835 835 835 835 835 835 835 835 835 835 807 807 877 878 879 818 880 818 881 882 883 883 883 728 884 728 335 885 886 887 798 888 888 873 872 889 802 834 -9999 -9999 -9999 -9999 -9999 -9999 -9999 -9999 -9999 -9999 -9999 -9999 -9999 -9999 -9999 -9999 -9999 -9999 -9999 -9999 -9999 -9999 -9999
-9999 -9999 -9999 -9999 -9999 -9999 -9999 -9999 92 92 92 92 92 92 92 92 92 92 92 92 92 92 92 92 92 92 92 92 92 92 876 876 876 876 876 835 835 835 835 835 835 807 890 891 892 893 894 821 895 882 896 897 884 898 899 885 857 900 901 871 888 888 888 902 903 802 834 -9999 -9999 -9999 -9999 -9999 -9999 -9999 -9999 -9999 -9999 -9999 -9999 -9999 -9999 -9999 -9999 -9999 -9999 -9999 -9999 -9999 -9999 -9999
-9999 -9999 -9999 -9999 -9999 -9999 -9999 92 92 92 92 92 92 92 92 92 92 92 92 92 92 92 92 92 92 92 92 92 92 92 92 92 92 92 92 92 92 876 876 835 835 835 807 904 905 906 907 908 818 909 910 911 912 913 885 914 915 900 916 917 888 888 888 749 520 834 918 -9999 -9999 -9999 -9999 -9999 -9999 -9999 -9999 -9999 -9999 -9999 -9999 -9999 -9999 -9999 -9999 -9999 -9999 -9999 -9999 -9999 -9999 -9999
-9999 -9999 -9999 -9999 -9999 -9999 92 92 92 92 92 92 92 92 92 92 92 92 92 92 92 92 92 92 92 92 92 92 92 92 92 92 92 92 92 92 92 92 92 92 876 835 835 919 920 920 905 921 881 922 923 924 305 925 857 900 900 900 888 888 888 900 889 802 834 918 -9999 -9999 -9999 -9999 -9999 -9999 -9999 -9999 -9999 -9999 -9999 -9999 -9999 -9999 -9999 -9999 -9999 -9999 -9999 -9999 -9999 -9999 -9999 -9999
-9999 -9999 -9999 -9999 92 92 92 92 92 92 92 92 92 92 92 876 876 876 876 876 876 876 876 92 92 92 92 92 92 92 92 92 92 92 92 92 92 92 92 92 92 876 835 920 920 926 927 928 929 148 148 930 931 914 900 900 900 900 888 888 888 932 833 92 -9999 -9999 -9999 -9999 -9999 -9999 -9999 -9999 -9999 -9999 -9999 -9999 -9999 -9999 -9999 -9999 -9999 -9999 -9999 -9999 -9999 -9999 -9999 -9999 -9999 -9999
-9999 -9999 -9999 92 92 92 92 92 92 92 92 92 835 835 835 835 835 835 835 835 835 835 876 876 92 92 92 92 92 92 92 92 92 92 92 92 92 92 92 92 92 876 835 933 934 935 936 937 938 148 939 939 885 900 900 900 888 888 888 888 888 835 92 92 -9999 -9999 -9999 -9999 -9999 -9999 -9999 -9999 -9999 -9999 -9999 -9999 -9999 -9999 -9999 -9999 -9999 -9999 -9999 -9999 -9999 -9999 -9999 -9999 -9999 -9999
