model_scripts/mantelliABC_v6_model_yO/splatche3input/oriworld_model_yO.asc
NCOLS 90
NROWS 94
XLLCORNER 171.583333333333
YLLCORNER -41.6666666666667
CELLSIZE 0.0833333333333333
NODATA_value -9999
[rows 40 to 79 of 94, columns 0 to 89 of 90]
-9999 -9999 -9999 -9999 -9999 -9999 -9999 -9999 -9999 -9999 -9999 -9999 -9999 -9999 -9999 -9999 -9999 -9999 -9999 -9999 -9999 -9999 -9999 -9999 -9999 -9999 -9999 -9999 -9999 -9999 4 4 10 34 34 85 63 145 52 46 95 77 146 146 77 116 116 116 46 141 147 107 37 37 29 92 92 -9999 -9999 -9999 -9999 -9999 -9999 -9999 -9999 -9999 -9999 -9999 -9999 -9999 -9999 -9999 -9999 -9999 -9999 -9999 -9999 -9999 -9999 -9999 -9999 -9999 -9999 -9999 -9999 -9999 -9999 -9999 -9999 -9999
-9999 -9999 -9999 -9999 -9999 -9999 -9999 -9999 -9999 -9999 -9999 -9999 -9999 -9999 -9999 -9999 -9999 -9999 -9999 -9999 -9999 -9999 -9999 -9999 -9999 -9999 -9999 -9999 -9999 -9999 -9999 4 3 34 73 85 117 145 52 126 95 148 149 150 46 46 116 116 116 151 152 153 153 112 112 154 155 156 -9999 -9999 -9999 -9999 -9999 -9999 -9999 -9999 -9999 -9999 -9999 -9999 -9999 -9999 -9999 -9999 -9999 -9999 -9999 -9999 -9999 -9999 -9999 -9999 -9999 -9999 -9999 -9999 -9999 -9999 -9999 -9999
-9999 -9999 -9999 -9999 -9999 -9999 -9999 -9999 -9999 -9999 -9999 -9999 -9999 -9999 -9999 -9999 -9999 -9999 -9999 -9999 -9999 -9999 -9999 3 -9999 -9999 -9999 -9999 -9999 -9999 -9999 4 3 3 73 73 85 145 97 76 76 157 43 158 159 151 116 116 116 116 116 116 116 127 160 160 160 156 156 -9999 -9999 -9999 -9999 -9999 -9999 -9999 -9999 -9999 -9999 -9999 -9999 -9999 -9999 -9999 -9999 -9999 -9999 -9999 -9999 -9999 -9999 -9999 -9999 -9999 -9999 -9999 -9999 -9999 -9999 -9999
-9999 -9999 -9999 -9999 -9999 -9999 -9999 -9999 -9999 -9999 -9999 -9999 -9999 -9999 -9999 -9999 -9999 -9999 -9999 -9999 -9999 -9999 -9999 -9999 -9999 -9999 -9999 -9999 -9999 -9999 -9999 -9999 3 3 88 73 85 81 97 161 162 163 158 164 159 151 151 116 116 165 166 167 168 169 170 160 160 156 156 156 -9999 -9999 -9999 -9999 -9999 -9999 -9999 171 -9999 -9999 -9999 -9999 -9999 -9999 -9999 -9999 172 172 172 14 14 -9999 -9999 -9999 -9999 -9999 -9999 -9999 14 -9999
-9999 -9999 -9999 -9999 -9999 -9999 -9999 -9999 -9999 -9999 -9999 -9999 -9999 -9999 -9999 -9999 -9999 -9999 -9999 -9999 -9999 -9999 -9999 -9999 -9999 -9999 -9999 -9999 -9999 -9999 -9999 3 3 9 9 73 173 174 175 161 161 176 163 163 164 164 164 116 116 116 177 178 179 180 181 182 183 183 183 184 156 -9999 -9999 -9999 -9999 -9999 185 185 -9999 -9999 -9999 -9999 -9999 -9999 172 172 186 187 186 188 188 189 32 14 -9999 -9999 14 32 14 -9999
-9999 -9999 -9999 -9999 -9999 -9999 -9999 -9999 -9999 -9999 -9999 -9999 -9999 -9999 -9999 -9999 -9999 -9999 -9999 -9999 -9999 -9999 -9999 -9999 -9999 -9999 -9999 -9999 -9999 -9999 -9999 3 9 190 190 173 173 191 175 175 161 161 161 163 192 193 194 116 116 116 195 178 196 197 198 198 199 200 201 183 184 184 184 184 184 184 202 202 -9999 171 171 203 203 172 204 205 206 206 207 151 151 208 209 210 211 203 14 32 14 14
-9999 -9999 -9999 -9999 -9999 -9999 -9999 -9999 -9999 -9999 -9999 -9999 -9999 -9999 -9999 -9999 -9999 -9999 -9999 -9999 -9999 -9999 -9999 -9999 -9999 -9999 -9999 -9999 -9999 -9999 -9999 9 190 190 190 212 173 191 174 175 213 207 176 163 214 215 215 116 116 116 116 216 178 217 218 218 218 197 181 219 183 183 183 183 184 202 202 202 202 202 202 220 211 221 222 222 223 167 224 225 226 158 164 227 211 171 171 171 21 -9999
-9999 -9999 -9999 -9999 -9999 -9999 -9999 -9999 -9999 -9999 -9999 -9999 -9999 -9999 -9999 -9999 -9999 -9999 -9999 -9999 -9999 -9999 -9999 -9999 -9999 -9999 -9999 -9999 -9999 -9999 9 190 190 190 172 172 189 191 174 213 161 162 221 228 214 229 194 195 228 116 116 195 178 230 214 178 217 197 181 181 181 219 183 231 231 232 231 231 231 231 231 233 234 235 235 236 236 237 238 239 240 164 241 242 243 171 171 -9999 -9999 -9999
-9999 -9999 -9999 -9999 -9999 -9999 -9999 -9999 -9999 -9999 -9999 -9999 -9999 -9999 -9999 -9999 -9999 -9999 -9999 -9999 -9999 -9999 -9999 -9999 -9999 -9999 -9999 -9999 -9999 -9999 172 190 172 172 172 172 189 191 187 162 151 167 230 214 228 197 181 228 228 116 116 116 216 178 178 178 230 244 218 197 197 245 181 246 200 247 231 231 231 248 248 249 235 235 216 250 251 252 162 151 253 254 255 256 171 171 171 -9999 -9999 -9999
-9999 -9999 -9999 -9999 -9999 -9999 -9999 -9999 -9999 -9999 -9999 -9999 -9999 -9999 -9999 -9999 -9999 -9999 -9999 -9999 -9999 -9999 -9999 -9999 -9999 -9999 -9999 -9999 -9999 171 203 203 203 203 203 257 256 258 162 151 259 259 195 214 214 260 261 228 116 116 116 116 216 216 216 216 178 230 230 230 230 230 197 197 197 197 262 263 263 263 234 264 235 265 235 266 267 268 269 270 269 271 256 171 171 171 171 -9999 -9999 -9999
-9999 -9999 -9999 -9999 -9999 -9999 -9999 -9999 -9999 -9999 -9999 -9999 -9999 -9999 -9999 -9999 -9999 -9999 -9999 -9999 -9999 -9999 -9999 -9999 -9999 -9999 -9999 -9999 171 171 171 171 171 171 171 243 256 258 151 151 272 195 259 214 214 217 214 195 116 116 214 230 195 259 259 228 273 195 273 230 230 229 197 274 245 229 275 218 215 276 264 235 235 277 278 267 279 269 280 280 281 282 231 243 171 171 171 -9999 -9999 -9999
-9999 -9999 -9999 -9999 -9999 -9999 -9999 -9999 -9999 -9999 -9999 -9999 -9999 -9999 -9999 -9999 -9999 -9999 -9999 -9999 -9999 -9999 -9999 -9999 -9999 -9999 21 171 171 171 171 171 171 171 171 243 256 151 151 195 195 259 283 214 217 217 217 214 116 116 214 214 259 259 259 228 214 259 270 195 214 214 217 178 245 274 284 178 178 285 235 235 265 277 286 287 280 288 288 289 289 290 231 232 202 202 171 -9999 -9999 -9999
-9999 -9999 -9999 -9999 -9999 -9999 -9999 -9999 -9999 -9999 -9999 -9999 -9999 -9999 -9999 -9999 -9999 -9999 -9999 -9999 -9999 -9999 -9999 -9999 -9999 21 14 171 171 171 171 171 171 171 171 243 256 291 151 195 195 259 292 293 217 217 214 214 116 116 294 295 296 297 298 299 299 259 259 270 230 230 217 178 178 178 300 216 178 235 235 265 265 286 280 301 280 288 302 289 289 303 231 202 202 202 202 -9999 -9999 -9999
-9999 -9999 -9999 -9999 -9999 -9999 -9999 -9999 -9999 -9999 -9999 -9999 -9999 -9999 -9999 -9999 -9999 -9999 -9999 -9999 -9999 -9999 -9999 9 14 21 171 171 171 171 171 171 171 171 171 256 258 304 195 259 259 305 306 307 308 309 298 297 297 116 310 310 310 296 311 312 311 313 314 313 313 314 315 316 317 318 319 235 235 235 277 270 286 280 195 301 289 302 302 320 321 322 183 202 202 202 202 -9999 -9999 -9999
-9999 -9999 -9999 -9999 -9999 -9999 -9999 -9999 -9999 -9999 -9999 -9999 -9999 -9999 -9999 -9999 -9999 -9999 -9999 -9999 -9999 -9999 9 14 14 172 171 171 171 171 171 171 171 171 243 256 304 323 252 259 270 324 306 325 326 326 327 328 329 116 294 310 116 116 116 311 330 331 311 311 314 315 332 316 317 333 316 334 316 334 335 298 259 195 336 337 338 339 340 341 342 248 231 202 202 202 -9999 -9999 -9999 -9999
-9999 -9999 -9999 -9999 -9999 -9999 -9999 -9999 -9999 -9999 -9999 -9999 -9999 -9999 -9999 9 -9999 9 9 9 9 9 9 14 14 172 203 171 171 171 171 171 171 243 256 256 343 269 252 298 325 344 325 325 345 346 347 347 346 116 116 116 116 310 116 116 331 348 295 311 349 332 350 316 317 317 317 351 334 352 353 353 195 354 355 356 357 358 341 359 360 182 361 202 202 202 -9999 -9999 -9999 -9999
-9999 -9999 -9999 -9999 -9999 -9999 -9999 -9999 -9999 -9999 -9999 -9999 -9999 -9999 -9999 3 9 9 9 9 3 9 9 9 9 172 203 203 203 171 171 171 243 256 256 258 175 269 280 325 325 325 345 362 363 364 364 365 366 367 368 346 369 369 310 116 116 370 371 295 372 373 374 375 316 316 376 377 378 353 379 380 381 382 383 384 385 386 387 388 359 389 202 202 202 202 -9999 -9999 -9999 -9999
-9999 -9999 -9999 -9999 -9999 -9999 -9999 -9999 -9999 -9999 -9999 -9999 -9999 -9999 9 9 9 9 3 3 9 9 9 9 172 172 172 172 172 172 172 203 256 256 256 258 174 280 286 390 345 391 392 393 363 363 364 394 395 396 397 368 368 398 310 116 116 310 310 295 330 399 374 400 317 401 402 378 334 334 380 403 404 405 406 407 408 409 410 411 231 231 202 202 202 -9999 -9999 -9999 -9999 -9999
-9999 -9999 -9999 -9999 -9999 -9999 -9999 -9999 -9999 -9999 -9999 -9999 -9999 9 3 9 3 3 3 3 9 3 9 9 190 172 172 172 172 172 172 257 256 256 258 258 277 286 412 413 413 414 393 365 363 364 415 395 416 396 417 417 418 418 116 116 419 398 310 420 421 422 423 423 424 351 425 401 426 427 428 429 430 431 341 432 433 434 435 231 231 231 202 -9999 -9999 -9999 -9999 -9999 -9999 -9999
-9999 -9999 -9999 -9999 -9999 -9999 -9999 -9999 -9999 -9999 -9999 -9999 -9999 3 3 3 9 3 3 3 3 3 9 190 190 190 190 190 190 172 172 189 189 211 436 437 277 286 286 438 439 362 440 364 364 364 441 442 395 396 368 418 418 273 443 397 444 420 419 445 446 447 447 423 334 334 448 427 449 450 451 429 452 452 453 454 455 456 457 248 248 202 458 -9999 -9999 -9999 -9999 -9999 -9999 -9999
-9999 -9999 -9999 -9999 -9999 -9999 -9999 -9999 -9999 -9999 -9999 -9999 3 3 3 3 3 3 3 3 3 3 3 459 190 190 190 190 190 190 173 189 189 191 460 461 277 286 462 438 463 393 440 464 363 465 364 466 415 396 418 418 417 398 398 444 467 468 467 447 469 470 423 471 317 472 449 449 473 474 474 382 383 475 475 476 248 457 457 457 458 -9999 -9999 -9999 -9999 -9999 -9999 -9999 -9999 -9999
-9999 -9999 -9999 -9999 -9999 -9999 -9999 -9999 -9999 -9999 -9999 3 3 3 3 3 3 3 3 3 3 3 3 459 190 190 190 190 190 173 477 478 479 480 481 482 483 462 287 438 484 362 362 364 364 364 485 486 415 116 116 398 444 487 488 489 490 491 447 447 447 470 399 492 493 450 450 451 494 495 495 382 406 496 497 498 248 231 457 458 499 -9999 -9999 -9999 -9999 -9999 -9999 -9999 -9999 -9999
-9999 -9999 -9999 -9999 -9999 -9999 -9999 -9999 -9999 -9999 -9999 3 3 3 3 3 3 3 3 3 3 3 3 500 459 190 190 190 173 501 502 503 504 505 506 507 462 508 509 510 511 512 513 485 485 514 515 486 116 116 516 517 486 518 518 518 394 519 520 521 522 523 524 525 526 527 528 529 494 495 494 530 531 385 532 533 248 231 457 458 -9999 -9999 -9999 -9999 -9999 -9999 -9999 -9999 -9999 -9999
-9999 -9999 -9999 -9999 -9999 -9999 -9999 -9999 -9999 -9999 -9999 3 3 3 3 92 92 92 3 3 3 3 3 500 459 500 534 535 536 537 538 538 539 540 541 542 438 509 509 543 544 544 513 513 485 545 546 547 116 116 548 549 116 116 116 550 551 466 486 552 553 554 302 555 556 530 557 474 558 559 559 559 182 182 182 560 561 231 458 458 -9999 -9999 -9999 -9999 -9999 -9999 -9999 -9999 -9999 -9999
-9999 -9999 -9999 -9999 -9999 -9999 -9999 -9999 -9999 -9999 4 3 92 92 92 92 92 92 3 3 3 3 3 500 500 562 563 564 565 566 567 564 538 539 504 568 569 570 438 571 572 573 574 575 575 576 577 116 116 578 579 116 116 116 116 116 580 581 552 554 554 582 555 359 359 583 584 559 559 585 585 585 183 182 586 587 588 220 458 499 -9999 -9999 -9999 -9999 -9999 -9999 -9999 -9999 -9999 -9999
-9999 -9999 -9999 -9999 -9999 -9999 -9999 -9999 -9999 -9999 4 4 92 92 92 92 92 92 92 92 3 3 500 500 500 589 590 591 592 593 594 595 564 536 502 596 597 570 598 599 572 573 574 600 601 602 603 116 116 116 116 116 604 605 116 116 606 607 519 554 339 608 609 610 454 611 559 585 585 585 585 183 183 183 248 612 231 458 458 499 -9999 -9999 -9999 -9999 -9999 -9999 -9999 -9999 -9999 -9999
-9999 -9999 -9999 -9999 -9999 -9999 92 4 -9999 -9999 -9999 4 92 92 92 92 92 92 92 92 3 3 500 500 500 589 613 614 615 616 617 618 564 564 563 619 620 621 620 621 622 623 573 601 624 625 626 627 628 629 630 631 632 633 116 116 634 635 302 636 637 638 639 640 641 233 231 183 642 643 184 184 184 183 231 231 644 458 499 499 -9999 -9999 -9999 -9999 -9999 -9999 -9999 -9999 -9999 -9999
-9999 -9999 -9999 -9999 -9999 92 92 92 92 92 92 92 92 92 92 92 92 92 92 92 92 3 500 500 500 645 646 647 648 649 649 614 614 614 650 651 652 653 654 655 656 573 657 658 659 660 661 662 663 664 665 666 667 668 116 116 669 670 671 672 673 674 675 676 677 677 457 231 232 184 184 184 202 202 202 458 458 499 499 -9999 -9999 -9999 -9999 -9999 -9999 -9999 -9999 -9999 -9999 -9999
-9999 -9999 -9999 92 92 -9999 92 92 92 92 92 92 92 92 92 92 92 92 92 92 92 92 500 678 500 678 679 680 680 680 681 682 683 683 684 685 686 687 688 689 690 691 692 693 694 695 696 697 698 699 700 701 702 703 116 704 705 671 706 707 708 709 710 711 712 713 714 231 202 202 202 202 458 458 458 458 499 499 -9999 -9999 -9999 -9999 -9999 -9999 -9999 -9999 -9999 -9999 -9999 -9999
-9999 -9999 -9999 92 92 -9999 -9999 -9999 92 92 92 92 92 92 92 92 92 92 92 92 92 92 500 678 678 678 715 679 716 716 716 717 718 719 683 720 721 722 622 723 724 723 692 723 725 726 727 728 729 730 731 732 733 734 116 735 736 670 737 738 116 116 116 739 740 741 742 457 458 458 458 458 458 458 499 -9999 -9999 -9999 -9999 -9999 -9999 -9999 -9999 -9999 -9999 -9999 -9999 -9999 -9999 -9999
-9999 -9999 -9999 -9999 -9999 -9999 -9999 -9999 -9999 92 92 92 92 92 92 92 92 92 92 92 92 92 92 678 678 678 715 679 743 744 744 744 716 745 746 747 725 748 723 723 749 723 573 723 600 600 726 727 750 751 752 753 754 755 116 756 757 758 670 759 760 116 761 762 763 764 765 766 766 499 458 458 458 -9999 -9999 -9999 -9999 -9999 -9999 -9999 -9999 -9999 -9999 -9999 -9999 -9999 -9999 -9999 -9999 -9999
-9999 -9999 -9999 -9999 -9999 92 92 -9999 -9999 -9999 92 92 92 92 92 92 92 92 92 92 92 92 92 92 678 678 767 768 768 769 770 127 770 771 772 773 774 775 600 725 725 748 776 777 778 779 780 781 782 783 784 785 782 786 116 787 670 670 788 789 790 791 792 793 793 794 795 766 766 766 796 -9999 -9999 -9999 -9999 -9999 -9999 -9999 -9999 -9999 -9999 -9999 -9999 -9999 -9999 -9999 -9999 -9999 -9999 -9999
-9999 -9999 -9999 -9999 -9999 -9999 -9999 -9999 92 92 92 92 92 92 92 92 92 92 92 92 92 92 92 92 92 92 92 112 112 112 112 112 797 797 770 770 798 799 800 801 802 802 803 804 805 806 807 808 781 809 750 810 811 116 116 688 302 706 812 813 814 792 815 816 793 714 766 796 796 -9999 -9999 -9999 -9999 -9999 -9999 -9999 -9999 -9999 -9999 -9999 -9999 -9999 -9999 -9999 -9999 -9999 -9999 -9999 -9999 -9999
-9999 -9999 -9999 -9999 -9999 -9999 -9999 -9999 -9999 92 92 92 92 92 92 92 92 92 92 92 92 92 92 92 92 92 92 92 112 112 112 112 112 112 112 112 127 127 127 127 817 818 819 808 820 779 821 750 781 822 810 823 823 116 824 302 825 826 827 828 829 830 831 832 833 766 796 796 -9999 -9999 -9999 -9999 -9999 -9999 -9999 -9999 -9999 -9999 -9999 -9999 -9999 -9999 -9999 -9999 -9999 -9999 -9999 -9999 -9999 -9999
-9999 -9999 -9999 -9999 -9999 -9999 -9999 -9999 -9999 92 92 92 92 92 92 92 92 92 92 92 92 92 92 92 92 92 92 92 108 112 112 112 112 112 112 112 112 112 112 127 127 834 835 836 781 837 781 838 839 840 840 840 694 116 694 320 841 842 843 762 844 844 831 830 845 766 796 -9999 -9999 -9999 -9999 -9999 -9999 -9999 -9999 -9999 -9999 -9999 -9999 -9999 -9999 -9999 -9999 -9999 -9999 -9999 -9999 -9999 -9999 -9999
-9999 -9999 -9999 -9999 -9999 -9999 -9999 -9999 92 92 92 92 92 92 92 92 92 92 92 92 92 92 92 92 92 92 92 92 92 92 108 108 108 108 108 112 112 112 112 112 112 127 846 847 848 849 850 784 851 839 852 116 116 116 853 841 816 854 855 829 844 844 844 856 857 766 796 -9999 -9999 -9999 -9999 -9999 -9999 -9999 -9999 -9999 -9999 -9999 -9999 -9999 -9999 -9999 -9999 -9999 -9999 -9999 -9999 -9999 -9999 -9999
-9999 -9999 -9999 -9999 -9999 -9999 -9999 92 92 92 92 92 92 92 92 92 92 92 92 92 92 92 92 92 92 92 92 92 92 92 92 92 92 92 92 92 92 108 108 112 112 112 127 858 859 860 861 862 781 863 864 116 865 866 841 867 868 854 869 870 844 844 844 714 499 796 871 -9999 -9999 -9999 -9999 -9999 -9999 -9999 -9999 -9999 -9999 -9999 -9999 -9999 -9999 -9999 -9999 -9999 -9999 -9999 -9999 -9999 -9999 -9999
-9999 -9999 -9999 -9999 -9999 -9999 92 92 92 92 92 92 92 92 92 92 92 92 92 92 92 92 92 92 92 92 92 92 92 92 92 92 92 92 92 92 92 92 92 92 108 112 112 872 873 873 859 874 838 875 116 116 292 876 816 854 854 854 844 844 844 854 845 766 796 871 -9999 -9999 -9999 -9999 -9999 -9999 -9999 -9999 -9999 -9999 -9999 -9999 -9999 -9999 -9999 -9999 -9999 -9999 -9999 -9999 -9999 -9999 -9999 -9999
-9999 -9999 -9999 -9999 92 92 92 92 92 92 92 92 92 92 92 108 108 108 108 108 108 108 108 92 92 92 92 92 92 92 92 92 92 92 92 92 92 92 92 92 92 108 112 873 873 877 878 879 880 116 116 881 882 867 854 854 854 854 844 844 844 883 795 92 -9999 -9999 -9999 -9999 -9999 -9999 -9999 -9999 -9999 -9999 -9999 -9999 -9999 -9999 -9999 -9999 -9999 -9999 -9999 -9999 -9999 -9999 -9999 -9999 -9999 -9999
-9999 -9999 -9999 92 92 92 92 92 92 92 92 92 112 112 112 112 112 112 112 112 112 112 108 108 92 92 92 92 92 92 92 92 92 92 92 92 92 92 92 92 92 108 112 884 885 886 887 888 116 116 889 889 841 854 854 854 844 844 844 844 844 112 92 92 -9999 -9999 -9999 -9999 -9999 -9999 -9999 -9999 -9999 -9999 -9999 -9999 -9999 -9999 -9999 -9999 -9999 -9999 -9999 -9999 -9999 -9999 -9999 -9999 -9999 -9999
